151 25
0 1 2 3 4 5 6 7 8 9 10 11 12 13 14 15 16 17 18 19 20 21 22 23 24 
51 24 1 0
27057 23 51 0
27058 19 27057 0
27059 18 1 27058
49 23 1 0
27060 22 49 0
27061 22 27057 0
27062 19 27061 0
27063 18 27060 27062
27064 17 27059 27063
27065 17 27059 0
27066 16 27064 27065
41 19 1 0
27067 18 41 27058
27068 19 27060 0
27069 18 27068 27062
27070 17 27067 27069
27071 17 27067 0
27072 16 27070 27071
27073 14 27072 0
27074 13 27066 27073
27075 12 1 27074
27076 19 1 27060
27077 18 27076 27062
27078 17 1 27077
27079 18 41 0
27080 17 27067 27079
27081 16 27078 27080
27082 18 27060 0
27083 17 1 27082
27084 16 27083 0
27085 14 27081 27084
27086 13 1 27085
27087 16 27064 0
27088 16 27070 0
27089 14 27088 0
27090 13 27087 27089
27091 12 27086 27090
27092 11 27075 27091
27093 14 27080 0
27094 13 1 27093
27095 12 27094 0
27096 11 27075 27095
27097 10 27092 27096
27098 13 27066 0
27099 12 1 27098
27100 17 1 27063
27101 17 27058 0
27102 16 27100 27101
27103 13 27102 27084
27104 13 27087 0
27105 12 27103 27104
27106 11 27099 27105
27107 13 27101 0
27108 12 27107 0
27109 11 27099 27108
27110 10 27106 27109
27111 8 27097 27110
27112 12 27086 27074
27113 11 27112 27091
27114 18 27076 27058
27115 17 27114 27077
27116 16 27115 27080
27117 16 27082 0
27118 14 27116 27117
27119 13 1 27118
27120 12 27119 27074
27121 11 27120 27095
27122 10 27113 27121
27123 12 27103 0
27124 22 49 27057
27125 19 27124 27060
27126 18 27125 27058
27127 17 27126 27063
27128 16 27127 27101
27129 13 27128 27117
27130 12 27129 0
27131 11 27130 27108
27132 10 27123 27131
27133 8 27122 27132
27134 7 27111 27133
27135 14 27081 27102
27136 13 27135 27085
27137 12 27136 27090
27138 11 27075 27137
27139 14 27080 27101
27140 13 27139 27093
27141 12 27140 0
27142 11 27075 27141
27143 10 27138 27142
27144 8 27143 27110
27145 13 27102 27089
27146 12 27145 27090
27147 11 27120 27146
27148 11 27120 27108
27149 10 27147 27148
27150 8 27149 27131
27151 7 27144 27150
27152 6 27134 27151
27153 13 27066 27117
27154 12 27153 27098
27155 11 27154 27108
27156 8 27121 27155
27157 8 27121 27131
27158 7 27156 27157
27159 14 27116 27128
27160 13 27159 27118
27161 12 27160 0
27162 11 27161 27141
27163 8 27162 27131
27164 7 27163 27131
27165 6 27158 27164
27166 5 27152 27165
27167 7 27144 27132
27168 7 27144 27131
27169 6 27167 27168
27170 17 27059 27077
27171 17 27059 27079
27172 16 27170 27171
27173 14 27172 27066
27174 13 27173 27118
27175 12 27174 27074
27176 11 27175 27141
27177 8 27176 27155
27178 7 27177 27131
27179 6 27178 27164
27180 5 27169 27179
27181 2 27166 27180
27182 16 27078 27171
27183 16 27100 27065
27184 14 27182 27183
27185 13 27184 27085
27186 12 27185 27074
27187 11 27186 27137
27188 10 27187 27176
27189 13 27183 27084
27190 12 27189 27098
27191 11 27190 27105
27192 10 27191 27155
27193 8 27188 27192
27194 7 27193 27132
27195 6 27194 27164
27196 5 27195 27179
27197 1 27181 27196
27198 8 27122 27192
27199 7 27198 27133
27200 6 27199 27164
27201 5 27200 27165
27202 2 27201 27196
27203 1 27202 27196
27204 0 27197 27203
