279 25
0 1 2 3 4 5 6 7 8 9 10 11 12 13 14 15 16 17 18 19 20 21 22 23 24 
50 24 0 1
3948 23 0 50
3988 22 0 3948
3723 22 0 50
7143 18 3988 3723
7144 17 3988 7143
4146 19 3988 50
7563 23 50 1
7564 22 50 7563
9395 19 3988 7564
9396 18 4146 9395
7566 22 50 1
9397 19 3723 7566
9398 18 4146 9397
9399 17 9396 9398
9400 14 7144 9399
9401 18 4146 7564
9402 18 4146 7566
9403 17 9401 9402
9404 14 7144 9403
9405 13 9400 9404
7145 19 3988 3723
7146 18 7145 3723
7147 17 3988 7146
7434 22 3948 1
7576 19 7434 7566
7577 18 7576 7566
9406 17 9401 7577
9407 14 7147 9406
9408 13 9400 9407
9409 12 9405 9408
7150 16 7144 7143
9410 16 9399 9398
9411 14 7150 9410
7151 16 7147 7146
46 22 0 1
7602 19 46 7566
7603 18 7602 7566
7604 17 7603 7577
9412 16 9406 7604
9413 14 7151 9412
9414 13 9411 9413
9415 12 9405 9414
9416 11 9409 9415
7567 18 7434 7566
7583 17 46 7567
9417 16 7144 7583
7571 19 7566 1
9250 18 7576 7571
9251 17 7602 9250
9418 16 9399 9251
9419 14 9417 9418
8227 18 7576 1
8229 17 7603 8227
9420 16 9403 8229
9421 14 9417 9420
9422 13 9419 9421
8817 17 46 7577
9423 16 7147 8817
8734 17 7603 1
9424 16 9406 8734
9425 14 9423 9424
9426 13 9419 9425
9427 12 9422 9426
9428 17 3988 7567
9429 16 9428 7583
9430 17 9396 9250
9431 16 9430 9251
9432 14 9429 9431
9433 17 9401 8227
9434 16 9433 8229
9435 14 9429 9434
9436 13 9432 9435
9437 18 3988 7564
9438 17 9437 7567
7595 18 46 7566
7596 17 7595 7567
9439 16 9438 7596
7569 19 7564 1
9440 18 4146 7569
9441 17 9440 9250
9266 18 7602 7571
9267 17 9266 9250
9442 16 9441 9267
9443 14 9439 9442
9444 14 9412 1
9445 13 9443 9444
9446 12 9436 9445
9447 11 9427 9446
9448 10 9416 9447
9449 14 7144 9406
9450 13 9449 9407
9451 12 9405 9450
9452 14 7150 9412
9453 13 9452 9413
9454 12 9405 9453
9455 11 9451 9454
9456 14 9417 9424
9457 13 9456 9425
9458 12 9422 9457
9459 14 9439 1
9460 13 9459 9444
9461 12 9436 9460
9462 11 9458 9461
9463 10 9455 9462
9464 8 9448 9463
9465 7 9448 9464
9466 13 9400 9413
9467 12 9466 9414
9468 11 9409 9467
9469 13 9432 9444
9470 12 9469 9445
9471 11 9427 9470
9472 10 9468 9471
9473 17 9396 7577
9293 17 7602 7577
9474 16 9473 9293
9475 14 7144 9474
9476 13 9475 9413
9477 12 9476 9453
9478 11 9451 9477
9479 14 9429 1
9480 13 9479 9444
9481 12 9480 9460
9482 11 9458 9481
9483 10 9478 9482
9484 8 9472 9483
9485 7 9448 9484
9486 6 9465 9485
9487 12 9422 9445
9488 11 9487 9446
9489 10 9416 9488
9490 16 9403 7604
9491 14 9490 1
9492 13 9419 9491
9493 12 9492 9445
9494 11 9493 9470
9495 10 9468 9494
9496 14 9417 1
9497 13 9496 9491
9498 12 9497 9460
9499 11 9498 9481
9500 10 9478 9499
9501 8 9495 9500
9502 7 9489 9501
9503 6 9465 9502
9504 5 9486 9503
9505 14 7144 1
9506 14 9403 1
9507 13 9505 9506
9508 14 9406 1
9509 13 9505 9508
9510 12 9507 9509
9511 14 7150 1
9512 13 9511 9444
9513 12 9507 9512
9514 11 9510 9513
9515 14 9420 1
9516 13 9496 9515
9517 14 9424 1
9518 13 9496 9517
9519 12 9516 9518
9520 14 9434 1
9521 13 9479 9520
9522 13 9459 1
9523 12 9521 9522
9524 11 9519 9523
9525 10 9514 9524
9526 8 9448 9525
9527 13 9400 9506
9528 14 9438 9441
9529 13 9528 9508
9530 12 9527 9529
9531 12 9527 9445
9532 11 9530 9531
9533 13 9419 9515
8749 17 7595 1
9534 16 9438 8749
9324 17 9266 1
9535 16 9441 9324
9536 14 9534 9535
9537 13 9536 9517
9538 12 9533 9537
9539 13 9432 9520
9540 12 9539 1
9541 11 9538 9540
9542 10 9532 9541
9543 14 9438 1
9544 13 9543 9508
9545 12 9507 9544
9546 12 9507 9460
9547 11 9545 9546
9548 14 9534 1
9549 13 9548 9517
9550 12 9516 9549
9551 12 9521 1
9552 11 9550 9551
9553 10 9547 9552
9554 8 9542 9553
9555 7 9526 9554
9556 11 9530 9470
9557 11 9538 1
9558 10 9556 9557
9559 11 9545 9481
9560 11 9550 1
9561 10 9559 9560
9562 8 9558 9561
9563 7 9526 9562
9564 6 9555 9563
9565 12 9516 9522
9566 11 9565 9523
9567 10 9514 9566
9568 8 9489 9567
9569 10 9556 1
9570 10 9559 1
9571 8 9569 9570
9572 7 9568 9571
9573 6 9555 9572
9574 5 9564 9573
9575 2 9504 9574
9576 12 9405 9529
9577 11 9576 9446
9578 12 9422 9537
9579 11 9578 1
9580 10 9577 9579
9581 8 9580 9561
9582 7 9581 9562
9583 6 9555 9582
9584 10 9577 1
9585 8 9584 9570
9586 7 9585 9571
9587 6 9555 9586
9588 5 9583 9587
9589 2 9504 9588
9590 1 9575 9589
9591 7 9580 9562
9592 6 9465 9591
9593 11 9409 9446
9594 10 9593 1
9595 11 9451 9461
9596 10 9595 1
9597 8 9594 9596
9598 7 9594 9597
9599 7 9584 9571
9600 6 9598 9599
9601 5 9592 9600
9602 13 9543 1
9603 12 9507 9602
9604 11 9603 9523
9605 13 9548 1
9606 12 9516 9605
9607 11 9606 1
9608 10 9604 9607
9609 8 9580 9608
9610 7 9609 1
9611 6 9555 9610
9612 11 9510 9523
9613 10 9612 1
9614 8 9594 9613
9615 11 9530 9540
9616 10 9615 1
9617 11 9545 9551
9618 10 9617 1
9619 8 9616 9618
9620 7 9614 9619
9621 10 9604 1
9622 8 9584 9621
9623 7 9622 1
9624 6 9620 9623
9625 5 9611 9624
9626 2 9601 9625
9627 7 9448 9554
9628 6 9627 9591
9629 7 9594 9571
9630 6 9629 9599
9631 5 9628 9630
9632 2 9631 1
9633 1 9626 9632
9634 0 9590 9633
