319 25
0 1 2 3 4 5 6 7 8 9 10 11 12 13 14 15 16 17 18 19 20 21 22 23 24 
50 24 0 1
3948 23 0 50
3988 22 0 3948
3991 19 0 3988
48 23 0 1
3122 22 0 48
3148 19 0 3122
4378 18 3991 3148
3950 19 0 3948
2906 19 0 48
3067 18 3950 2906
3068 17 4378 3067
3069 16 0 3068
7050 17 4378 2906
7051 16 0 7050
7052 13 3069 7051
7053 12 3069 7052
7044 18 3991 2906
7045 17 7044 3067
10226 16 0 7045
3005 22 3948 48
6996 19 0 3005
6997 18 6996 2906
6998 17 6997 2906
10227 16 0 6998
10228 13 10226 10227
10229 12 3069 10228
10230 11 7053 10229
40 19 0 1
4372 18 3950 40
7303 17 3067 4372
7304 16 3067 7303
10669 14 3069 7304
3283 19 3122 48
7273 18 3950 3283
3902 19 48 1
3940 18 3950 3902
7291 17 7273 3940
7292 16 3067 7291
10670 13 10669 7292
6993 17 3067 2906
7274 17 7273 3902
7275 16 6993 7274
10671 13 10669 7275
10672 12 10670 10671
10673 16 3067 4372
10674 14 10226 10673
5580 19 3122 1
3909 18 5580 3902
3910 17 3909 3902
7246 16 6993 3910
10675 13 10674 7246
10676 12 10670 10675
10677 11 10672 10676
10678 8 10230 10677
2943 18 0 2906
7043 17 2943 3067
10272 18 3991 3283
3903 18 48 3902
10273 17 10272 3903
10274 16 7043 10273
10679 14 10274 7275
10680 13 10679 7275
10681 12 10670 10680
3906 18 3122 3902
3907 17 3906 3903
7245 16 7043 3907
10682 14 7245 7246
10683 13 10682 7246
10684 12 10670 10683
10685 11 10681 10684
10686 8 10230 10685
10687 7 10678 10686
10237 13 3069 10227
10238 12 10237 10228
10239 11 7053 10238
7041 17 0 3067
3904 17 3122 3903
7244 16 7041 3904
3955 17 5580 3902
10688 16 6993 3955
10689 14 7244 10688
10690 13 10689 7246
10691 12 10690 10683
10692 11 10681 10691
10693 8 10239 10692
10694 7 10678 10693
10695 6 10687 10694
7247 13 7245 7246
7248 12 7244 7247
10263 11 7053 7248
3905 16 0 3904
3915 17 3122 3902
3916 16 0 3915
3917 13 3905 3916
3918 12 3905 3917
7250 11 3918 7248
10264 10 10263 7250
3006 19 3122 3005
3022 18 3006 3283
10696 17 3022 3903
10697 16 7303 10696
10698 14 7244 10697
10699 17 3067 3940
5533 18 48 1
10700 17 3022 5533
10701 16 10699 10700
10702 13 10698 10701
10703 18 3006 3902
10704 17 10703 3903
10705 16 4372 10704
10706 14 7245 10705
9677 18 40 3902
9678 17 9677 3902
9679 16 9678 1
10707 13 10706 9679
10708 12 10702 10707
10709 11 10672 10708
10710 16 3067 10696
10711 14 3905 10710
10712 16 3067 10700
10713 13 10711 10712
10714 17 3022 1
10715 16 6993 10714
10716 13 10711 10715
10717 12 10713 10716
10718 11 10717 10708
10719 10 10709 10718
10720 8 10264 10719
9686 18 0 3902
9687 17 9686 3903
9688 16 9687 1
9689 14 9688 9679
9690 13 9689 9679
10721 12 10702 9690
10722 11 10681 10721
3284 18 3122 3283
10723 17 3284 1
10724 16 7043 10723
10725 14 10724 10715
10726 13 10725 10715
10727 12 10713 10726
10728 11 10727 10721
10729 10 10722 10728
10730 8 10264 10729
10731 7 10720 10730
10275 13 10274 7275
10276 12 3069 10275
10277 11 10276 7248
7279 12 3905 7247
7280 11 7279 7248
10278 10 10277 7280
10732 18 3950 5580
10733 17 10732 3903
10734 16 4372 10733
10735 14 10274 10734
9700 17 9677 1
9701 16 9678 9700
10736 13 10735 9701
10737 12 10670 10736
10738 11 10737 10708
10739 12 10713 10707
10740 11 10739 10708
10741 10 10738 10740
10742 8 10278 10741
10288 13 3069 7292
10289 12 10288 10275
7295 13 7244 7246
7296 12 7295 7247
10290 11 10289 7296
7298 16 3067 3910
7299 13 3905 7298
7300 12 7299 7247
7301 11 7300 7296
10291 10 10290 7301
10292 14 3069 40
9709 18 40 1
9710 17 9677 9709
9711 16 9677 9710
10293 13 10292 9711
10294 18 3991 3902
10295 17 10294 1
10296 16 9687 10295
10297 14 10296 9701
10298 13 10297 9701
10299 12 10293 10298
9718 17 0 3903
9719 16 9718 1
9720 17 40 3902
9721 16 9720 1
9722 14 9719 9721
9723 13 9722 9679
9724 12 9723 9690
10300 11 10299 9724
34 16 0 1
9726 16 40 1
9727 14 34 9726
9728 16 9677 1
9729 13 9727 9728
9730 12 9729 9690
9731 11 9730 9724
10301 10 10300 9731
10302 8 10291 10301
10743 7 10742 10302
10744 6 10731 10743
10745 5 10695 10744
10842 12 10288 7247
10843 11 10289 10842
10962 12 10293 9690
10963 11 10299 10962
10964 8 10843 10963
10965 7 10678 10964
10966 8 10277 10738
10967 8 10290 10300
10968 7 10966 10967
10969 6 10965 10968
10859 13 7244 10701
9840 13 9688 9679
10860 12 10859 9840
10861 11 10289 10860
10862 13 3905 10712
10863 13 10724 10715
10864 12 10862 10863
10865 11 10864 10860
10866 10 10861 10865
10970 16 40 3955
10971 14 7244 10970
10972 18 3902 1
10973 17 3909 10972
10974 16 9710 10973
10975 13 10971 10974
10976 12 10975 1
10977 11 10299 10976
10978 14 3905 10970
10979 16 9677 10973
10980 13 10978 10979
10981 17 3906 1
10982 16 9687 10981
10983 17 3909 1
10984 16 9678 10983
10985 14 10982 10984
10986 13 10985 10984
10987 12 10980 10986
10988 11 10987 10976
10989 10 10977 10988
10990 8 10866 10989
10991 7 10720 10990
10312 13 10296 9701
10313 12 3069 10312
9849 12 9719 9840
10314 11 10313 9849
9851 12 34 9840
9852 11 9851 9849
10315 10 10314 9852
10780 17 3940 3903
10781 17 3940 1
10782 16 10780 10781
10783 14 10296 10782
10784 13 10783 1
10785 12 10670 10784
10786 17 3067 3903
10787 16 10786 1
10788 14 9719 10787
10789 17 3067 5533
10790 16 10789 1
10791 13 10788 10790
10792 16 10780 1
10793 14 9688 10792
10794 13 10793 1
10795 12 10791 10794
10796 11 10785 10795
7319 16 3067 1
7320 14 34 7319
7321 13 7320 7319
10797 12 7321 10794
10798 11 10797 10795
10799 10 10796 10798
10800 8 10315 10799
10321 13 3069 9711
10322 12 10321 10312
9856 13 9719 9679
9857 12 9856 9840
10323 11 10322 9857
9859 13 34 9728
9860 12 9859 9840
9861 11 9860 9857
10324 10 10323 9861
10325 8 10324 1
10801 7 10800 10325
10992 6 10991 10801
10993 5 10969 10992
10994 13 10292 9701
10995 12 10293 10994
10996 14 10226 40
10997 13 10996 9679
10998 12 10293 10997
10999 11 10995 10998
11000 8 10230 10999
11001 7 11000 10964
11002 8 10277 10300
11003 7 11002 10967
11004 6 11001 11003
11005 16 40 3910
11006 14 7245 11005
11007 13 11006 1
11008 12 10975 11007
11009 11 10995 11008
11010 13 10978 10984
11011 12 10980 11010
11012 11 11011 11008
11013 10 11009 11012
11014 8 10264 11013
11015 7 11014 10990
10333 8 10315 1
10334 7 10333 10325
11016 6 11015 10334
11017 5 11004 11016
11018 2 10993 11017
11019 1 10745 11018
