1703 49
0 1 2 3 4 5 6 7 8 9 10 11 12 13 14 15 16 17 18 19 20 21 22 23 24 25 26 27 28 29 30 31 32 33 34 35 36 37 38 39 40 41 42 43 44 45 46 47 48 
99 48 1 0
1710982 47 99 0
1710983 46 1 1710982
1710984 45 1710983 1710982
95 46 1 0
1710985 45 95 0
1710986 41 1710984 1710985
1710987 40 1 1710986
97 47 1 0
1710988 46 97 0
1710989 45 1710988 0
1710990 46 1710982 0
1710991 45 1710990 0
1710992 41 1710991 0
1710993 40 1710989 1710992
1710994 39 1710987 1710993
1710995 38 1 1710994
1710996 41 1710982 0
1710997 40 1 1710996
1710998 41 1710990 0
1710999 40 1710988 1710998
1711000 39 1710997 1710999
1711001 39 1710997 0
1711002 38 1711000 1711001
1711003 37 1710995 1711002
1711004 34 1 1711003
1711005 41 1 1710985
1711006 40 1711005 1710986
1711007 41 1710989 0
1711008 40 1711007 1710992
1711009 39 1711006 1711008
1711010 38 1 1711009
85 41 1 0
1711011 40 85 1710996
1711012 41 1710988 0
1711013 40 1711012 1710998
1711014 39 1711011 1711013
1711015 39 1711011 0
1711016 38 1711014 1711015
1711017 37 1711010 1711016
1711018 39 1710985 0
1711019 38 1 1711018
1711020 37 1711019 0
1711021 34 1711017 1711020
1711022 33 1711004 1711021
1711023 32 1 1711022
1711024 39 1 1710999
1711025 39 1710986 1710993
1711026 38 1711024 1711025
1711027 39 1710996 0
1711028 37 1711026 1711027
1711029 34 1 1711028
1711030 41 1 1710988
1711031 40 1711030 1710998
1711032 39 1 1711031
1711033 41 1 1710989
1711034 40 1711033 1710992
1711035 39 1711006 1711034
1711036 38 1711032 1711035
1711037 40 85 0
1711038 39 1711011 1711037
1711039 37 1711036 1711038
1711040 40 1710988 0
1711041 39 1 1711040
1711042 40 1710989 0
1711043 39 1710985 1711042
1711044 38 1711041 1711043
1711045 37 1711044 0
1711046 34 1711039 1711045
1711047 33 1711029 1711046
1711048 40 1710985 1710992
1711049 39 1711048 1710993
1711050 38 1711000 1711049
1711051 37 1711050 0
1711052 34 1 1711051
1711053 41 1710985 0
1711054 40 1711053 1710992
1711055 39 1711054 1711008
1711056 38 1711014 1711055
1711057 37 1711056 0
1711058 34 1711057 0
1711059 33 1711052 1711058
1711060 32 1711047 1711059
1711061 31 1711023 1711060
1711062 30 1 1711061
1711063 39 1710987 1710999
1711064 38 1711063 1710994
1711065 37 1711064 1711002
1711066 34 1 1711065
1711067 39 1711006 1711013
1711068 38 1711067 1711009
1711069 37 1711068 1711016
1711070 37 1711018 0
1711071 34 1711069 1711070
1711072 33 1711066 1711071
1711073 32 1 1711072
1711074 38 1711024 1711027
1711075 37 1711026 1711074
1711076 34 1 1711075
1711077 38 1711032 1711038
1711078 37 1711036 1711077
1711079 38 1711041 0
1711080 37 1711044 1711079
1711081 34 1711078 1711080
1711082 33 1711076 1711081
1711083 38 1711000 0
1711084 37 1711050 1711083
1711085 34 1 1711084
1711086 38 1711014 0
1711087 37 1711056 1711086
1711088 34 1711087 0
1711089 33 1711085 1711088
1711090 32 1711082 1711089
1711091 31 1711073 1711090
1711092 34 1 1711002
1711093 34 1711016 0
1711094 33 1711092 1711093
1711095 32 1 1711094
1711096 34 1 1711027
1711097 34 1711038 0
1711098 33 1711096 1711097
71 34 1 0
1711099 33 71 0
1711100 32 1711098 1711099
1711101 31 1711095 1711100
1711102 30 1711091 1711101
1711103 29 1711062 1711102
1711104 33 1711003 1711020
1711105 32 1 1711104
1711106 33 1711028 1711045
1711107 33 1711051 0
1711108 32 1711106 1711107
1711109 31 1711105 1711108
1711110 30 1 1711109
1711111 33 1711065 1711070
1711112 32 1 1711111
1711113 33 1711075 1711080
1711114 33 1711084 0
1711115 32 1711113 1711114
1711116 31 1711112 1711115
1711117 33 1711002 0
1711118 32 1 1711117
1711119 33 1711027 0
1711120 32 1711119 0
1711121 31 1711118 1711120
1711122 30 1711116 1711121
1711123 29 1711110 1711122
1711124 27 1711103 1711123
1711125 26 1 1711124
1711126 38 1 1711035
1711127 40 1711030 1710996
1711128 39 1711127 1711031
1711129 38 1711128 1711038
1711130 37 1711126 1711129
1711131 38 1 1711043
1711132 38 1711040 0
1711133 37 1711131 1711132
1711134 34 1711130 1711133
1711135 33 1 1711134
1711136 33 1711003 1711021
1711137 32 1711135 1711136
1711138 33 1711028 1711058
1711139 33 1711051 1711058
1711140 32 1711138 1711139
1711141 31 1711137 1711140
1711142 30 1 1711141
1711143 45 95 1710988
1711144 41 1 1711143
1711145 40 1711144 1710986
1711146 39 1711145 1711031
1711147 38 1711146 1711035
1711148 37 1711147 1711129
1711149 40 1711143 1710985
1711150 39 1711149 1711040
1711151 38 1711150 1711043
1711152 37 1711151 1711132
1711153 34 1711148 1711152
1711154 33 1 1711153
1711155 33 1711065 1711071
1711156 32 1711154 1711155
1711157 33 1711075 1711088
1711158 33 1711084 1711088
1711159 32 1711157 1711158
1711160 31 1711156 1711159
1711161 34 1711129 1711132
1711162 33 1 1711161
1711163 33 1711002 1711093
1711164 32 1711162 1711163
1711165 31 1711164 1711120
1711166 30 1711160 1711165
1711167 29 1711142 1711166
1711168 38 1 1711025
1711169 46 97 1710982
1711170 41 1711169 1710988
1711171 40 1711170 1710996
1711172 39 1711171 1710999
1711173 38 1711172 1711027
1711174 37 1711168 1711173
1711175 34 1 1711174
1711176 33 1711175 1711134
1711177 34 1711003 1711020
1711178 33 1711177 1711021
1711179 32 1711176 1711178
1711180 34 1711028 1711027
1711181 33 1711180 1711058
1711182 34 1711051 0
1711183 33 1711182 1711058
1711184 32 1711181 1711183
1711185 31 1711179 1711184
1711186 30 1 1711185
1711187 45 1710983 1711169
1711188 41 1711187 1711143
1711189 40 1711188 1710986
1711190 39 1711189 1710999
1711191 38 1711190 1711025
1711192 37 1711191 1711173
1711193 34 1 1711192
1711194 33 1711193 1711153
1711195 34 1711065 1711070
1711196 33 1711195 1711071
1711197 32 1711194 1711196
1711198 34 1711075 1711027
1711199 33 1711198 1711088
1711200 34 1711084 0
1711201 33 1711200 1711088
1711202 32 1711199 1711201
1711203 31 1711197 1711202
1711204 34 1 1711173
1711205 33 1711204 1711161
1711206 34 1711002 0
1711207 33 1711206 1711093
1711208 32 1711205 1711207
1711209 31 1711208 1711120
1711210 30 1711203 1711209
1711211 29 1711186 1711210
1711212 33 1711174 1711133
1711213 32 1711212 1711020
1711214 31 1711213 1711120
1711215 30 1 1711214
1711216 33 1711192 1711152
1711217 32 1711216 1711070
1711218 31 1711217 1711120
1711219 33 1711173 1711132
1711220 32 1711219 0
1711221 31 1711220 1711120
1711222 30 1711218 1711221
1711223 29 1711215 1711222
1711224 27 1711211 1711223
1711225 26 1711167 1711224
1711226 25 1711125 1711225
1711227 24 1 1711226
1711228 31 1 1711090
1711229 33 1711004 1711134
1711230 32 1711229 1711022
1711231 31 1711230 1711060
1711232 30 1711228 1711231
1711233 33 1711092 1711161
1711234 32 1711233 1711094
1711235 31 1711234 1711100
1711236 30 1711228 1711235
1711237 29 1711232 1711236
1711238 31 1 1711115
1711239 33 1711003 1711133
1711240 32 1711239 1711104
1711241 31 1711240 1711108
1711242 30 1711238 1711241
1711243 33 1711002 1711132
1711244 32 1711243 1711117
1711245 31 1711244 1711120
1711246 30 1711238 1711245
1711247 29 1711242 1711246
1711248 27 1711237 1711247
1711249 26 1 1711248
1711250 33 1 1711081
1711251 32 1711250 1711158
1711252 31 1 1711251
1711253 33 1 1711046
1711254 32 1711253 1711139
1711255 31 1711137 1711254
1711256 30 1711252 1711255
1711257 33 1 1711097
1711258 32 1711257 0
1711259 31 1711164 1711258
1711260 30 1711252 1711259
1711261 29 1711256 1711260
1711262 32 1711082 1711201
1711263 31 1 1711262
1711264 32 1711047 1711183
1711265 31 1711179 1711264
1711266 30 1711263 1711265
1711267 32 1711098 0
1711268 31 1711208 1711267
1711269 30 1711263 1711268
1711270 29 1711266 1711269
1711271 32 1711113 0
1711272 31 1 1711271
1711273 32 1711106 0
1711274 31 1711213 1711273
1711275 30 1711272 1711274
1711276 30 1711272 1711221
1711277 29 1711275 1711276
1711278 27 1711270 1711277
1711279 26 1711261 1711278
1711280 25 1711249 1711279
1711281 32 1711176 1711059
1711282 31 1711281 1711060
1711283 30 1711091 1711282
1711284 32 1711205 1711099
1711285 31 1711284 1711100
1711286 30 1711091 1711285
1711287 29 1711283 1711286
1711288 32 1711212 1711107
1711289 31 1711288 1711108
1711290 30 1711116 1711289
1711291 30 1711116 1711221
1711292 29 1711290 1711291
1711293 27 1711287 1711292
1711294 26 1 1711293
1711295 38 1711128 1711055
1711296 37 1711295 1711132
1711297 34 1711296 1711132
1711298 33 1711174 1711297
1711299 32 1711298 1711139
1711300 31 1711299 1711140
1711301 30 1711160 1711300
1711302 30 1711160 1711221
1711303 29 1711301 1711302
1711304 34 1711174 1711173
1711305 33 1711304 1711297
1711306 32 1711305 1711183
1711307 31 1711306 1711184
1711308 30 1711203 1711307
1711309 30 1711203 1711221
1711310 29 1711308 1711309
1711311 27 1711310 1711222
1711312 26 1711303 1711311
1711313 25 1711294 1711312
1711314 24 1711280 1711313
1711315 23 1711227 1711314
1711316 33 1711066 1711153
1711317 32 1711316 1711072
1711318 31 1711317 1711100
1711319 30 1711318 1711235
1711320 29 1711232 1711319
1711321 33 1711065 1711152
1711322 32 1711321 1711111
1711323 31 1711322 1711120
1711324 30 1711323 1711245
1711325 29 1711242 1711324
1711326 27 1711320 1711325
1711327 26 1 1711326
1711328 31 1711156 1711258
1711329 30 1711328 1711259
1711330 29 1711256 1711329
1711331 31 1711197 1711267
1711332 30 1711331 1711268
1711333 29 1711266 1711332
1711334 29 1711275 1711222
1711335 27 1711333 1711334
1711336 26 1711330 1711335
1711337 25 1711327 1711336
1711338 34 1 1711070
1711339 33 1711338 1711070
1711340 32 1711194 1711339
1711341 31 1711340 1711100
1711342 30 1711341 1711285
1711343 29 1711283 1711342
1711344 29 1711290 1711222
1711345 27 1711343 1711344
1711346 26 1 1711345
1711347 29 1711301 1711222
1711348 29 1711308 1711222
1711349 27 1711348 1711222
1711350 26 1711347 1711349
1711351 25 1711346 1711350
1711352 24 1711337 1711351
1711353 23 1711227 1711352
1711354 22 1711315 1711353
1711355 31 1711023 1711090
1711356 30 1711355 1711061
1711357 29 1711356 1711102
1711358 31 1711105 1711115
1711359 30 1711358 1711109
1711360 29 1711359 1711122
1711361 27 1711357 1711360
1711362 26 1 1711361
1711363 31 1711137 1711159
1711364 30 1711363 1711141
1711365 29 1711364 1711166
1711366 31 1711179 1711202
1711367 30 1711366 1711185
1711368 29 1711367 1711210
1711369 29 1711214 1711222
1711370 27 1711368 1711369
1711371 26 1711365 1711370
1711372 25 1711362 1711371
1711373 24 1 1711372
1711374 23 1711373 1711314
1711375 27 1711102 1711122
1711376 26 1 1711375
1711377 27 1711210 1711222
1711378 26 1711166 1711377
1711379 25 1711376 1711378
1711380 24 1 1711379
1711381 27 1711319 1711324
1711382 26 1 1711381
1711383 27 1711332 1711222
1711384 26 1711329 1711383
1711385 25 1711382 1711384
1711386 27 1711342 1711222
1711387 26 1 1711386
1711388 25 1711387 1711222
1711389 24 1711385 1711388
1711390 23 1711380 1711389
1711391 22 1711374 1711390
1711392 21 1711354 1711391
1711393 32 1 1711136
1711394 34 1711039 1711028
1711395 33 1711394 1711046
1711396 32 1711395 1711139
1711397 31 1711393 1711396
1711398 30 1 1711397
1711399 32 1 1711155
1711400 34 1711078 1711075
1711401 33 1711400 1711081
1711402 32 1711401 1711158
1711403 31 1711399 1711402
1711404 32 1 1711163
1711405 34 1711038 1711027
1711406 33 1711405 1711097
1711407 32 1711406 0
1711408 31 1711404 1711407
1711409 30 1711403 1711408
1711410 29 1711398 1711409
1711411 26 1711410 1711123
1711412 25 1711411 1711223
1711413 24 1 1711412
1711414 31 1 1711402
1711415 39 1710987 1711034
1711416 38 1 1711415
1711417 39 1710997 1711031
1711418 39 1710997 1711037
1711419 38 1711417 1711418
1711420 37 1711416 1711419
1711421 34 1711420 1711003
1711422 33 1711421 1711134
1711423 32 1711422 1711136
1711424 31 1711423 1711396
1711425 30 1711414 1711424
1711426 34 1711419 1711002
1711427 33 1711426 1711161
1711428 32 1711427 1711163
1711429 31 1711428 1711407
1711430 30 1711414 1711429
1711431 29 1711425 1711430
1711432 26 1711431 1711247
1711433 25 1711432 1711277
1711434 34 1711130 1711174
1711435 33 1711434 1711134
1711436 32 1711435 1711139
1711437 31 1711436 1711396
1711438 30 1711403 1711437
1711439 34 1711129 1711173
1711440 33 1711439 1711161
1711441 32 1711440 0
1711442 31 1711441 1711407
1711443 30 1711403 1711442
1711444 29 1711438 1711443
1711445 26 1711444 1711292
1711446 25 1711445 1711222
1711447 24 1711433 1711446
1711448 23 1711413 1711447
1711449 39 1710987 1711031
1711450 38 1711449 1711415
1711451 37 1711450 1711419
1711452 34 1711451 1711065
1711453 33 1711452 1711153
1711454 32 1711453 1711155
1711455 31 1711454 1711407
1711456 30 1711455 1711429
1711457 29 1711425 1711456
1711458 26 1711457 1711325
1711459 25 1711458 1711334
1711460 34 1711148 1711192
1711461 33 1711460 1711153
1711462 32 1711461 1711070
1711463 31 1711462 1711407
1711464 30 1711463 1711442
1711465 29 1711438 1711464
1711466 26 1711465 1711344
1711467 25 1711466 1711222
1711468 24 1711459 1711467
1711469 23 1711413 1711468
1711470 22 1711448 1711469
1711471 31 1711393 1711402
1711472 30 1711471 1711397
1711473 29 1711472 1711409
1711474 26 1711473 1711360
1711475 25 1711474 1711369
1711476 24 1 1711475
1711477 23 1711476 1711447
1711478 26 1711409 1711122
1711479 25 1711478 1711222
1711480 24 1 1711479
1711481 26 1711456 1711324
1711482 25 1711481 1711222
1711483 26 1711464 1711222
1711484 25 1711483 1711222
1711485 24 1711482 1711484
1711486 23 1711480 1711485
1711487 22 1711477 1711486
1711488 21 1711470 1711487
1711489 19 1711392 1711488
1711490 18 1 1711489
1711491 30 1 1711255
1711492 32 1711250 1711155
1711493 31 1711492 1711251
1711494 30 1711493 1711259
1711495 29 1711491 1711494
1711496 30 1 1711265
1711497 32 1711082 1711196
1711498 31 1711497 1711262
1711499 30 1711498 1711268
1711500 29 1711496 1711499
1711501 30 1 1711274
1711502 32 1711113 1711070
1711503 31 1711502 1711271
1711504 30 1711503 1711221
1711505 29 1711501 1711504
1711506 27 1711500 1711505
1711507 26 1711495 1711506
1711508 25 1 1711507
1711509 27 1711103 1711410
1711510 26 1711509 1711124
1711511 25 1711510 1711225
1711512 24 1711508 1711511
1711513 27 1711237 1711431
1711514 26 1711513 1711248
1711515 25 1711514 1711312
1711516 27 1711287 1711444
1711517 26 1711516 1711293
1711518 25 1711517 1711312
1711519 24 1711515 1711518
1711520 23 1711512 1711519
1711521 27 1711320 1711457
1711522 26 1711521 1711326
1711523 25 1711522 1711350
1711524 27 1711343 1711465
1711525 26 1711524 1711345
1711526 25 1711525 1711350
1711527 24 1711523 1711526
1711528 23 1711512 1711527
1711529 22 1711520 1711528
1711530 37 1711126 1711077
1711531 37 1711131 1711079
1711532 34 1711530 1711531
1711533 33 1 1711532
1711534 32 1711533 1711136
1711535 31 1711534 1711251
1711536 30 1711535 1711255
1711537 29 1711536 1711494
1711538 37 1711168 1711074
1711539 34 1 1711538
1711540 33 1711539 1711532
1711541 32 1711540 1711178
1711542 31 1711541 1711262
1711543 30 1711542 1711265
1711544 29 1711543 1711499
1711545 33 1711538 1711531
1711546 32 1711545 1711020
1711547 31 1711546 1711271
1711548 30 1711547 1711274
1711549 29 1711548 1711504
1711550 27 1711544 1711549
1711551 26 1711537 1711550
1711552 25 1 1711551
1711553 27 1711357 1711473
1711554 26 1711553 1711361
1711555 25 1711554 1711371
1711556 24 1711552 1711555
1711557 23 1711556 1711519
1711558 27 1711499 1711504
1711559 26 1711494 1711558
1711560 25 1 1711559
1711561 27 1711102 1711409
1711562 26 1711561 1711375
1711563 25 1711562 1711378
1711564 24 1711560 1711563
1711565 27 1711319 1711456
1711566 26 1711565 1711381
1711567 25 1711566 1711222
1711568 27 1711342 1711464
1711569 26 1711568 1711386
1711570 25 1711569 1711222
1711571 24 1711567 1711570
1711572 23 1711564 1711571
1711573 22 1711557 1711572
1711574 21 1711529 1711573
1711575 26 1711495 1711505
1711576 25 1 1711575
1711577 26 1711167 1711223
1711578 25 1711411 1711577
1711579 24 1711576 1711578
1711580 26 1711303 1711222
1711581 25 1711432 1711580
1711582 25 1711445 1711580
1711583 24 1711581 1711582
1711584 23 1711579 1711583
1711585 26 1711347 1711222
1711586 25 1711458 1711585
1711587 25 1711466 1711585
1711588 24 1711586 1711587
1711589 23 1711579 1711588
1711590 22 1711584 1711589
1711591 26 1711537 1711549
1711592 25 1 1711591
1711593 26 1711365 1711369
1711594 25 1711474 1711593
1711595 24 1711592 1711594
1711596 23 1711595 1711583
1711597 26 1711494 1711504
1711598 25 1 1711597
1711599 26 1711166 1711222
1711600 25 1711478 1711599
1711601 24 1711598 1711600
1711602 23 1711601 1711485
1711603 22 1711596 1711602
1711604 21 1711590 1711603
1711605 19 1711574 1711604
1711606 30 1 1711231
1711607 38 1711024 1710994
1711608 38 1711024 1711001
1711609 37 1711607 1711608
1711610 34 1 1711609
1711611 33 1711610 1711081
1711612 32 1711611 1711072
1711613 31 1711612 1711090
1711614 30 1711613 1711235
1711615 29 1711606 1711614
1711616 30 1 1711241
1711617 33 1711609 1711080
1711618 32 1711617 1711111
1711619 31 1711618 1711115
1711620 30 1711619 1711245
1711621 29 1711616 1711620
1711622 27 1711615 1711621
1711623 26 1 1711622
1711624 25 1711623 1711507
1711625 26 1711410 1711224
1711626 25 1711625 1711225
1711627 24 1711624 1711626
1711628 31 1711317 1711202
1711629 34 1711003 1711002
1711630 33 1711629 1711297
1711631 33 1711629 1711058
1711632 32 1711630 1711631
1711633 31 1711632 1711184
1711634 30 1711628 1711633
1711635 30 1711628 1711245
1711636 29 1711634 1711635
1711637 27 1711636 1711324
1711638 26 1711431 1711637
1711639 25 1711638 1711312
1711640 26 1711444 1711311
1711641 25 1711640 1711312
1711642 24 1711639 1711641
1711643 23 1711627 1711642
1711644 29 1711634 1711324
1711645 27 1711644 1711324
1711646 26 1711457 1711645
1711647 25 1711646 1711350
1711648 26 1711465 1711349
1711649 25 1711648 1711350
1711650 24 1711647 1711649
1711651 23 1711627 1711650
1711652 22 1711643 1711651
1711653 37 1710995 1711608
1711654 34 1 1711653
1711655 33 1711654 1711532
1711656 32 1711655 1711022
1711657 31 1711656 1711090
1711658 30 1711657 1711231
1711659 29 1711658 1711614
1711660 33 1711653 1711531
1711661 32 1711660 1711104
1711662 31 1711661 1711115
1711663 30 1711662 1711241
1711664 29 1711663 1711620
1711665 27 1711659 1711664
1711666 26 1 1711665
1711667 25 1711666 1711551
1711668 26 1711473 1711370
1711669 25 1711668 1711371
1711670 24 1711667 1711669
1711671 23 1711670 1711642
1711672 27 1711614 1711620
1711673 26 1 1711672
1711674 25 1711673 1711559
1711675 26 1711409 1711377
1711676 25 1711675 1711378
1711677 24 1711674 1711676
1711678 23 1711677 1711485
1711679 22 1711671 1711678
1711680 21 1711652 1711679
1711681 30 1 1711424
1711682 38 1711032 1711415
1711683 38 1711032 1711418
1711684 37 1711682 1711683
1711685 34 1711684 1711609
1711686 33 1711685 1711081
1711687 32 1711686 1711155
1711688 31 1711687 1711402
1711689 30 1711688 1711429
1711690 29 1711681 1711689
1711691 26 1711690 1711621
1711692 25 1711691 1711505
1711693 32 1711435 1711020
1711694 31 1711693 1711407
1711695 30 1 1711694
1711696 29 1711695 1711464
1711697 26 1711696 1711223
1711698 25 1711697 1711223
1711699 24 1711692 1711698
1711700 23 1711699 1711485
1711701 37 1711416 1711683
1711702 34 1711701 1711653
1711703 33 1711702 1711532
1711704 32 1711703 1711136
1711705 31 1711704 1711402
1711706 30 1711705 1711424
1711707 29 1711706 1711689
1711708 26 1711707 1711664
1711709 25 1711708 1711549
1711710 29 1711694 1711464
1711711 26 1711710 1711369
1711712 25 1711711 1711369
1711713 24 1711709 1711712
1711714 23 1711713 1711485
1711715 26 1711689 1711620
1711716 25 1711715 1711504
1711717 24 1711716 1711484
1711718 23 1711717 1711485
1711719 22 1711714 1711718
1711720 21 1711700 1711719
1711721 19 1711680 1711720
1711722 18 1711605 1711721
1711723 17 1711490 1711722
1711724 16 1 1711723
1711725 25 1 1711279
1711726 24 1711725 1711518
1711727 23 1 1711726
1711728 25 1 1711336
1711729 24 1711728 1711526
1711730 23 1711512 1711729
1711731 22 1711727 1711730
1711732 25 1 1711384
1711733 24 1711732 1711570
1711734 23 1711564 1711733
1711735 22 1711727 1711734
1711736 21 1711731 1711735
1711737 26 1711261 1711277
1711738 25 1 1711737
1711739 24 1711738 1711582
1711740 23 1 1711739
1711741 26 1711330 1711334
1711742 25 1 1711741
1711743 24 1711742 1711587
1711744 23 1711579 1711743
1711745 22 1711740 1711744
1711746 26 1711329 1711222
1711747 25 1 1711746
1711748 24 1711747 1711484
1711749 23 1711601 1711748
1711750 22 1711740 1711749
1711751 21 1711745 1711750
1711752 19 1711736 1711751
1711753 24 1711280 1711641
1711754 23 1 1711753
1711755 24 1711337 1711649
1711756 23 1711627 1711755
1711757 22 1711754 1711756
1711758 24 1711385 1711484
1711759 23 1711677 1711758
1711760 22 1711754 1711759
1711761 21 1711757 1711760
1711762 24 1711433 1711484
1711763 23 1 1711762
1711764 24 1711459 1711484
1711765 23 1711699 1711764
1711766 22 1711763 1711765
1711767 22 1711763 1711718
1711768 21 1711766 1711767
1711769 19 1711761 1711768
1711770 18 1711752 1711769
1711771 17 1 1711770
1711772 24 1711624 1711351
1711773 23 1711772 1711352
1711774 22 1711374 1711773
1711775 24 1711674 1711388
1711776 23 1711775 1711389
1711777 22 1711374 1711776
1711778 21 1711774 1711777
1711779 24 1711692 1711467
1711780 23 1711779 1711468
1711781 22 1711477 1711780
1711782 22 1711477 1711718
1711783 21 1711781 1711782
1711784 19 1711778 1711783
1711785 18 1 1711784
1711786 27 1711615 1711690
1711787 26 1711786 1711622
1711788 30 1711493 1711300
1711789 29 1711788 1711504
1711790 30 1711498 1711307
1711791 29 1711790 1711504
1711792 27 1711791 1711504
1711793 26 1711789 1711792
1711794 25 1711787 1711793
1711795 24 1711794 1711526
1711796 23 1711795 1711527
1711797 22 1711557 1711796
1711798 27 1711614 1711689
1711799 26 1711798 1711672
1711800 25 1711799 1711504
1711801 24 1711800 1711570
1711802 23 1711801 1711571
1711803 22 1711557 1711802
1711804 21 1711797 1711803
1711805 26 1711789 1711504
1711806 25 1711691 1711805
1711807 24 1711806 1711587
1711808 23 1711807 1711588
1711809 22 1711596 1711808
1711810 22 1711596 1711718
1711811 21 1711809 1711810
1711812 19 1711804 1711811
1711813 30 1711613 1711633
1711814 29 1711813 1711620
1711815 27 1711814 1711620
1711816 26 1711690 1711815
1711817 25 1711816 1711793
1711818 24 1711817 1711649
1711819 23 1711818 1711650
1711820 22 1711671 1711819
1711821 22 1711671 1711718
1711822 21 1711820 1711821
1711823 19 1711822 1711719
1711824 18 1711812 1711823
1711825 17 1711785 1711824
1711826 16 1711771 1711825
1711827 15 1711724 1711826
1711828 19 1711391 1711487
1711829 18 1 1711828
1711830 19 1711573 1711603
1711831 19 1711679 1711719
1711832 18 1711830 1711831
1711833 17 1711829 1711832
1711834 16 1 1711833
1711835 23 1711556 1711733
1711836 22 1711835 1711734
1711837 23 1711595 1711748
1711838 22 1711837 1711749
1711839 19 1711836 1711838
1711840 23 1711670 1711758
1711841 22 1711840 1711759
1711842 19 1711841 1711719
1711843 18 1711839 1711842
1711844 17 1 1711843
1711845 34 1 1711020
1711846 33 1711845 1711020
1711847 32 1711176 1711846
1711848 31 1711847 1711100
1711849 29 1711848 1711342
1711850 27 1711849 1711369
1711851 26 1 1711850
1711852 25 1711851 1711369
1711853 24 1711667 1711852
1711854 23 1711853 1711389
1711855 22 1711854 1711776
1711856 19 1711855 1711719
1711857 18 1 1711856
1711858 27 1711659 1711707
1711859 26 1711858 1711665
1711860 25 1711859 1711549
1711861 27 1711849 1711710
1711862 26 1711861 1711850
1711863 25 1711862 1711369
1711864 24 1711860 1711863
1711865 23 1711864 1711571
1711866 22 1711865 1711802
1711867 19 1711866 1711719
1711868 18 1711867 1711719
1711869 17 1711857 1711868
1711870 16 1711844 1711869
1711871 15 1711834 1711870
1711872 14 1711827 1711871
1711873 24 1 1711511
1711874 32 1711250 1711089
1711875 31 1 1711874
1711876 32 1711135 1711022
1711877 32 1711253 1711059
1711878 31 1711876 1711877
1711879 30 1711875 1711878
1711880 32 1711162 1711094
1711881 32 1711257 1711099
1711882 31 1711880 1711881
1711883 30 1711875 1711882
1711884 29 1711879 1711883
1711885 27 1711884 1711261
1711886 26 1711885 1711248
1711887 25 1711886 1711279
1711888 24 1711887 1711518
1711889 23 1711873 1711888
1711890 32 1711154 1711072
1711891 31 1711890 1711881
1711892 30 1711891 1711882
1711893 29 1711879 1711892
1711894 27 1711893 1711330
1711895 26 1711894 1711326
1711896 25 1711895 1711336
1711897 24 1711896 1711526
1711898 23 1711873 1711897
1711899 22 1711889 1711898
1711900 24 1 1711555
1711901 23 1711900 1711888
1711902 24 1 1711563
1711903 27 1711892 1711329
1711904 26 1711903 1711381
1711905 25 1711904 1711384
1711906 24 1711905 1711570
1711907 23 1711902 1711906
1711908 22 1711901 1711907
1711909 21 1711899 1711908
1711910 24 1 1711578
1711911 26 1711261 1711247
1711912 25 1711911 1711737
1711913 24 1711912 1711582
1711914 23 1711910 1711913
1711915 26 1711330 1711325
1711916 25 1711915 1711741
1711917 24 1711916 1711587
1711918 23 1711910 1711917
1711919 22 1711914 1711918
1711920 24 1 1711594
1711921 23 1711920 1711913
1711922 24 1 1711600
1711923 26 1711329 1711324
1711924 25 1711923 1711746
1711925 24 1711924 1711484
1711926 23 1711922 1711925
1711927 22 1711921 1711926
1711928 21 1711919 1711927
1711929 19 1711909 1711928
1711930 18 1711929 1711488
1711931 18 1711605 1711720
1711932 17 1711930 1711931
1711933 16 1 1711932
1711934 18 1711752 1711768
1711935 17 1 1711934
1711936 30 1 1711878
1711937 32 1711250 1711072
1711938 31 1711937 1711874
1711939 30 1711938 1711882
1711940 29 1711936 1711939
1711941 27 1711940 1711495
1711942 26 1711941 1711622
1711943 25 1711942 1711507
1711944 24 1711943 1711526
1711945 23 1711944 1711897
1711946 22 1711901 1711945
1711947 27 1711939 1711494
1711948 26 1711947 1711672
1711949 25 1711948 1711559
1711950 24 1711949 1711570
1711951 23 1711950 1711906
1711952 22 1711901 1711951
1711953 21 1711946 1711952
1711954 26 1711495 1711621
1711955 25 1711954 1711575
1711956 24 1711955 1711587
1711957 23 1711956 1711917
1711958 22 1711921 1711957
1711959 26 1711494 1711620
1711960 25 1711959 1711597
1711961 24 1711960 1711484
1711962 23 1711961 1711925
1711963 22 1711921 1711962
1711964 21 1711958 1711963
1711965 19 1711953 1711964
1711966 18 1711965 1711783
1711967 18 1711812 1711719
1711968 17 1711966 1711967
1711969 16 1711935 1711968
1711970 15 1711933 1711969
1711971 19 1711908 1711927
1711972 18 1711971 1711487
1711973 18 1711830 1711719
1711974 17 1711972 1711973
1711975 16 1 1711974
1711976 18 1711839 1711719
1711977 17 1 1711976
1711978 32 1711533 1711022
1711979 31 1711978 1711874
1711980 30 1711979 1711878
1711981 29 1711980 1711939
1711982 27 1711981 1711537
1711983 26 1711982 1711665
1711984 25 1711983 1711551
1711985 24 1711984 1711863
1711986 23 1711985 1711906
1711987 22 1711986 1711951
1711988 26 1711537 1711664
1711989 25 1711988 1711591
1711990 24 1711989 1711712
1711991 23 1711990 1711925
1711992 22 1711991 1711962
1711993 19 1711987 1711992
1711994 18 1711993 1711719
1711995 17 1711994 1711868
1711996 16 1711977 1711995
1711997 15 1711975 1711996
1711998 14 1711970 1711997
1711999 11 1711872 1711998
1712000 23 1 1711314
1712001 25 1711125 1711507
1712002 24 1712001 1711226
1712003 23 1712002 1711352
1712004 22 1712000 1712003
1712005 25 1711376 1711559
1712006 24 1712005 1711379
1712007 23 1712006 1711389
1712008 22 1712000 1712007
1712009 21 1712004 1712008
1712010 23 1 1711447
1712011 25 1711411 1711505
1712012 24 1712011 1711412
1712013 23 1712012 1711468
1712014 22 1712010 1712013
1712015 25 1711478 1711504
1712016 24 1712015 1711479
1712017 23 1712016 1711485
1712018 22 1712010 1712017
1712019 21 1712014 1712018
1712020 19 1712009 1712019
1712021 18 1 1712020
1712022 17 1712021 1711770
1712023 16 1712022 1711825
1712024 15 1711724 1712023
1712025 25 1711362 1711551
1712026 24 1712025 1711372
1712027 23 1712026 1711389
1712028 22 1712027 1712007
1712029 25 1711474 1711549
1712030 24 1712029 1711475
1712031 23 1712030 1711485
1712032 22 1712031 1712017
1712033 19 1712028 1712032
1712034 18 1 1712033
1712035 17 1712034 1711843
1712036 16 1712035 1711869
1712037 15 1711834 1712036
1712038 14 1712024 1712037
1712039 25 1711787 1711505
1712040 30 1 1711848
1712041 29 1712040 1711342
1712042 27 1712041 1711696
1712043 27 1712041 1711223
1712044 26 1712042 1712043
1712045 25 1712044 1711223
1712046 24 1712039 1712045
1712047 23 1712046 1711571
1712048 21 1712047 1711866
1712049 19 1712048 1711720
1712050 18 1712049 1711720
1712051 17 1711930 1712050
1712052 16 1 1712051
1712053 23 1 1711888
1712054 31 1711023 1711877
1712055 30 1 1712054
1712056 31 1711073 1711874
1712057 31 1711095 1711881
1712058 30 1712056 1712057
1712059 29 1712055 1712058
1712060 31 1711393 1711254
1712061 30 1 1712060
1712062 31 1711399 1711251
1712063 31 1711404 1711258
1712064 30 1712062 1712063
1712065 29 1712061 1712064
1712066 27 1712059 1712065
1712067 26 1712066 1711124
1712068 25 1712067 1711507
1712069 24 1712068 1711511
1712070 23 1712069 1711897
1712071 22 1712053 1712070
1712072 27 1712058 1712064
1712073 26 1712072 1711375
1712074 25 1712073 1711559
1712075 24 1712074 1711563
1712076 23 1712075 1711906
1712077 22 1712053 1712076
1712078 21 1712071 1712077
1712079 23 1 1711913
1712080 26 1712065 1711123
1712081 25 1712080 1711575
1712082 24 1712081 1711578
1712083 23 1712082 1711917
1712084 22 1712079 1712083
1712085 26 1712064 1711122
1712086 25 1712085 1711597
1712087 24 1712086 1711600
1712088 23 1712087 1711925
1712089 22 1712079 1712088
1712090 21 1712084 1712089
1712091 19 1712078 1712090
1712092 18 1712091 1712019
1712093 25 1711514 1711277
1712094 24 1712093 1711570
1712095 23 1 1712094
1712096 25 1711522 1711334
1712097 24 1712096 1711570
1712098 23 1712046 1712097
1712099 22 1712095 1712098
1712100 22 1712095 1711802
1712101 21 1712099 1712100
1712102 19 1712101 1711768
1712103 18 1712102 1711768
1712104 17 1712092 1712103
1712105 17 1711966 1711868
1712106 16 1712104 1712105
1712107 15 1712052 1712106
1712108 17 1711972 1711868
1712109 16 1 1712108
1712110 31 1711023 1711874
1712111 30 1712110 1712054
1712112 29 1712111 1712058
1712113 31 1711393 1711251
1712114 30 1712113 1712060
1712115 29 1712114 1712064
1712116 27 1712112 1712115
1712117 26 1712116 1711361
1712118 25 1712117 1711551
1712119 24 1712118 1711555
1712120 23 1712119 1711906
1712121 22 1712120 1712076
1712122 26 1712115 1711360
1712123 25 1712122 1711591
1712124 24 1712123 1711594
1712125 23 1712124 1711925
1712126 22 1712125 1712088
1712127 19 1712121 1712126
1712128 18 1712127 1712032
1712129 17 1712128 1711868
1712130 16 1712129 1711995
1712131 15 1712109 1712130
1712132 14 1712107 1712131
1712133 11 1712038 1712132
1712134 10 1711999 1712133
1712135 19 1711392 1711928
1712136 18 1712135 1711489
1712137 17 1712136 1711722
1712138 16 1711771 1712137
1712139 19 1711778 1711964
1712140 18 1712139 1711784
1712141 17 1712140 1711824
1712142 16 1711771 1712141
1712143 15 1712138 1712142
1712144 24 1711725 1711555
1712145 23 1712144 1711726
1712146 22 1712145 1711734
1712147 24 1711738 1711594
1712148 23 1712147 1711739
1712149 22 1712148 1711749
1712150 19 1712146 1712149
1712151 24 1711280 1711669
1712152 23 1712151 1711753
1712153 22 1712152 1711759
1712154 24 1711433 1711712
1712155 23 1712154 1711762
1712156 22 1712155 1711718
1712157 19 1712153 1712156
1712158 18 1712150 1712157
1712159 17 1 1712158
1712160 19 1711391 1711927
1712161 18 1712160 1711828
1712162 17 1712161 1711832
1712163 16 1712159 1712162
1712164 19 1711855 1711992
1712165 18 1712164 1711856
1712166 17 1712165 1711868
1712167 16 1711844 1712166
1712168 15 1712163 1712167
1712169 14 1712143 1712168
1712170 16 1711935 1711932
1712171 15 1712170 1711969
1712172 18 1712150 1712156
1712173 17 1 1712172
1712174 16 1712173 1711974
1712175 15 1712174 1711996
1712176 14 1712171 1712175
1712177 11 1712169 1712176
1712178 18 1711929 1711721
1712179 17 1712178 1711722
1712180 16 1712022 1712179
1712181 18 1711965 1711823
1712182 17 1712181 1711824
1712183 16 1712022 1712182
1712184 15 1712180 1712183
1712185 30 1711228 1711061
1712186 30 1711228 1711101
1712187 29 1712185 1712186
1712188 30 1711238 1711109
1712189 30 1711238 1711121
1712190 29 1712188 1712189
1712191 27 1712187 1712190
1712192 26 1 1712191
1712193 25 1712192 1711279
1712194 24 1712193 1711372
1712195 23 1712194 1711314
1712196 22 1712195 1712007
1712197 30 1711414 1711397
1712198 30 1711414 1711408
1712199 29 1712197 1712198
1712200 26 1712199 1712190
1712201 25 1712200 1711277
1712202 24 1712201 1711475
1712203 23 1712202 1711447
1712204 22 1712203 1712017
1712205 19 1712196 1712204
1712206 18 1 1712205
1712207 17 1712206 1712158
1712208 18 1711971 1711831
1712209 17 1712208 1711832
1712210 16 1712207 1712209
1712211 16 1712035 1711995
1712212 15 1712210 1712211
1712213 14 1712184 1712212
1712214 24 1711943 1712045
1712215 23 1712214 1711906
1712216 21 1712215 1711987
1712217 24 1711955 1711698
1712218 23 1712217 1711925
1712219 21 1712218 1711992
1712220 19 1712216 1712219
1712221 18 1712220 1711720
1712222 17 1712221 1712050
1712223 16 1712104 1712222
1712224 16 1712104 1711995
1712225 15 1712223 1712224
1712226 30 1711875 1712054
1712227 30 1711875 1712057
1712228 29 1712226 1712227
1712229 30 1711252 1712060
1712230 30 1711252 1712063
1712231 29 1712229 1712230
1712232 27 1712228 1712231
1712233 26 1712232 1712191
1712234 25 1712233 1711279
1712235 24 1712234 1711555
1712236 23 1712235 1711888
1712237 22 1712236 1712076
1712238 26 1712231 1712190
1712239 25 1712238 1711737
1712240 24 1712239 1711594
1712241 23 1712240 1711913
1712242 22 1712241 1712088
1712243 19 1712237 1712242
1712244 18 1712243 1712204
1712245 24 1712093 1711863
1712246 23 1712245 1712094
1712247 22 1712246 1711802
1712248 19 1712247 1712156
1712249 18 1712248 1712156
1712250 17 1712244 1712249
1712251 16 1712250 1711995
1712252 15 1712251 1712130
1712253 14 1712225 1712252
1712254 11 1712213 1712253
1712255 10 1712177 1712254
1712256 9 1712134 1712255
1712257 18 1711752 1712019
1712258 17 1712257 1711934
1712259 16 1712258 1711968
1712260 15 1711933 1712259
1712261 18 1711839 1712032
1712262 17 1712261 1711976
1712263 16 1712262 1711995
1712264 15 1711975 1712263
1712265 14 1712260 1712264
1712266 11 1712038 1712265
1712267 10 1712266 1712133
1712268 29 1711491 1711260
1712269 29 1711496 1711269
1712270 29 1711501 1711276
1712271 27 1712269 1712270
1712272 26 1712268 1712271
1712273 25 1 1712272
1712274 24 1712273 1711511
1712275 23 1712274 1711726
1712276 22 1712275 1711730
1712277 21 1712276 1712146
1712278 26 1712268 1712270
1712279 25 1 1712278
1712280 24 1712279 1711578
1712281 23 1712280 1711739
1712282 22 1712281 1711744
1712283 21 1712282 1712149
1712284 19 1712277 1712283
1712285 29 1711606 1711236
1712286 29 1711616 1711246
1712287 27 1712285 1712286
1712288 26 1 1712287
1712289 25 1712288 1712272
1712290 24 1712289 1711626
1712291 23 1712290 1711753
1712292 22 1712291 1711756
1712293 21 1712292 1712153
1712294 29 1711681 1711430
1712295 26 1712294 1712286
1712296 25 1712295 1712270
1712297 24 1712296 1711698
1712298 23 1712297 1711762
1712299 22 1712298 1711765
1712300 21 1712299 1712156
1712301 19 1712293 1712300
1712302 18 1712284 1712301
1712303 17 1 1712302
1712304 16 1712303 1712137
1712305 19 1712009 1712090
1712306 18 1712305 1712020
1712307 17 1712306 1711824
1712308 16 1712307 1712141
1712309 15 1712304 1712308
1712310 19 1712028 1712126
1712311 18 1712310 1712033
1712312 17 1712311 1711868
1712313 16 1712312 1712166
1712314 15 1712163 1712313
1712315 14 1712309 1712314
1712316 18 1712284 1712300
1712317 17 1 1712316
1712318 16 1712317 1711932
1712319 17 1712092 1711967
1712320 16 1712319 1711968
1712321 15 1712318 1712320
1712322 15 1712174 1712130
1712323 14 1712321 1712322
1712324 11 1712315 1712323
1712325 29 1711062 1712186
1712326 29 1711110 1712189
1712327 27 1712325 1712326
1712328 26 1 1712327
1712329 25 1712328 1712272
1712330 24 1712329 1711226
1712331 23 1712330 1711314
1712332 22 1712331 1712003
1712333 21 1712332 1712196
1712334 29 1711398 1712198
1712335 26 1712334 1712326
1712336 25 1712335 1712270
1712337 24 1712336 1711412
1712338 23 1712337 1711447
1712339 22 1712338 1712013
1712340 21 1712339 1712204
1712341 19 1712333 1712340
1712342 18 1 1712341
1712343 17 1712342 1712302
1712344 16 1712343 1712179
1712345 23 1712026 1711642
1712346 32 1 1711631
1712347 31 1712346 1711184
1712348 30 1711091 1712347
1712349 29 1712348 1711122
1712350 27 1712349 1711122
1712351 26 1711410 1712350
1712352 25 1712351 1711793
1712353 25 1712351 1711350
1712354 24 1712352 1712353
1712355 23 1712354 1711650
1712356 22 1712345 1712355
1712357 22 1712345 1712017
1712358 21 1712356 1712357
1712359 19 1712358 1712032
1712360 18 1712091 1712359
1712361 17 1712360 1711824
1712362 16 1712361 1712182
1712363 15 1712344 1712362
1712364 15 1712210 1712130
1712365 14 1712363 1712364
1712366 29 1712055 1712227
1712367 29 1712061 1712230
1712368 27 1712366 1712367
1712369 26 1712368 1712327
1712370 25 1712369 1712272
1712371 24 1712370 1711511
1712372 23 1712371 1711888
1712373 22 1712372 1712070
1712374 21 1712373 1712237
1712375 26 1712367 1712326
1712376 25 1712375 1712278
1712377 24 1712376 1711578
1712378 23 1712377 1711913
1712379 22 1712378 1712083
1712380 21 1712379 1712242
1712381 19 1712374 1712380
1712382 18 1712381 1712340
1712383 27 1712285 1712294
1712384 26 1712383 1712287
1712385 25 1712384 1712270
1712386 24 1712385 1712045
1712387 23 1712386 1712094
1712388 22 1712387 1712098
1712389 21 1712388 1712247
1712390 19 1712389 1712300
1712391 18 1712390 1712300
1712392 17 1712382 1712391
1712393 16 1712392 1712222
1712394 15 1712393 1712130
1712395 14 1712394 1712252
1712396 11 1712365 1712395
1712397 10 1712324 1712396
1712398 9 1712267 1712397
1712399 8 1712256 1712398
1712400 16 1712303 1711723
1712401 15 1712400 1711870
1712402 16 1712159 1711833
1712403 15 1712402 1711870
1712404 14 1712401 1712403
1712405 15 1712318 1711996
1712406 14 1712405 1712175
1712407 11 1712404 1712406
1712408 17 1711490 1712302
1712409 16 1712408 1711723
1712410 15 1712409 1712036
1712411 17 1711829 1712158
1712412 16 1712411 1711833
1712413 15 1712412 1712036
1712414 14 1712410 1712413
1712415 17 1711930 1712391
1712416 16 1712415 1712051
1712417 15 1712416 1712130
1712418 17 1711972 1712249
1712419 16 1712418 1712108
1712420 15 1712419 1712130
1712421 14 1712417 1712420
1712422 11 1712414 1712421
1712423 10 1712407 1712422
1712424 15 1712304 1712167
1712425 14 1712424 1712168
1712426 11 1712425 1712406
1712427 15 1712344 1712211
1712428 14 1712427 1712212
1712429 11 1712428 1712395
1712430 10 1712426 1712429
1712431 9 1712423 1712430
1712432 26 1 1712043
1712433 25 1712432 1711223
1712434 24 1711624 1712433
1712435 23 1712434 1711389
1712436 21 1712435 1711855
1712437 19 1712436 1711720
1712438 18 1 1712437
1712439 17 1712438 1712050
1712440 16 1712343 1712439
1712441 15 1712440 1712036
1712442 16 1712207 1711869
1712443 15 1712442 1712036
1712444 14 1712441 1712443
1712445 18 1712284 1712340
1712446 17 1712445 1712316
1712447 16 1712446 1712222
1712448 15 1712447 1712263
1712449 18 1712150 1712204
1712450 17 1712449 1712172
1712451 16 1712450 1711995
1712452 15 1712451 1712263
1712453 14 1712448 1712452
1712454 11 1712444 1712453
1712455 11 1712444 1712395
1712456 10 1712454 1712455
1712457 19 1712333 1712380
1712458 18 1712457 1712341
1712459 17 1712458 1712391
1712460 19 1712436 1712219
1712461 18 1712460 1712437
1712462 17 1712461 1712050
1712463 16 1712459 1712462
1712464 15 1712463 1712313
1712465 19 1712196 1712242
1712466 18 1712465 1712205
1712467 17 1712466 1712249
1712468 16 1712467 1712166
1712469 15 1712468 1712313
1712470 14 1712464 1712469
1712471 11 1712470 1712395
1712472 10 1712471 1712395
1712473 9 1712456 1712472
1712474 8 1712431 1712473
1712475 7 1712399 1712474
1712476 16 1 1712137
1712477 15 1712476 1712142
1712478 16 1 1712162
1712479 15 1712478 1712167
1712480 14 1712477 1712479
1712481 11 1712480 1711998
1712482 10 1712481 1712132
1712483 10 1712177 1712253
1712484 9 1712482 1712483
1712485 24 1711725 1711313
1712486 23 1 1712485
1712487 24 1711508 1711226
1712488 24 1711728 1711351
1712489 23 1712487 1712488
1712490 22 1712486 1712489
1712491 24 1711560 1711379
1712492 24 1711732 1711388
1712493 23 1712491 1712492
1712494 22 1712486 1712493
1712495 21 1712490 1712494
1712496 19 1712495 1711751
1712497 18 1712496 1712020
1712498 17 1712497 1711770
1712499 16 1712498 1712141
1712500 15 1712476 1712499
1712501 24 1711552 1711372
1712502 23 1712501 1712492
1712503 22 1712502 1712493
1712504 19 1712503 1711838
1712505 18 1712504 1712033
1712506 17 1712505 1711843
1712507 16 1712506 1712166
1712508 15 1712478 1712507
1712509 14 1712500 1712508
1712510 11 1712509 1712265
1712511 10 1712510 1712132
1712512 10 1712324 1712395
1712513 9 1712511 1712512
1712514 8 1712484 1712513
1712515 10 1712426 1712421
1712516 10 1712426 1712395
1712517 9 1712515 1712516
1712518 24 1712273 1711226
1712519 23 1712518 1712485
1712520 22 1712519 1712489
1712521 24 1711725 1711372
1712522 23 1712521 1712485
1712523 22 1712522 1712493
1712524 21 1712520 1712523
1712525 19 1712524 1712283
1712526 18 1712525 1712341
1712527 17 1712526 1712302
1712528 16 1712527 1712462
1712529 15 1712528 1712507
1712530 19 1712523 1712149
1712531 18 1712530 1712205
1712532 17 1712531 1712158
1712533 16 1712532 1712166
1712534 15 1712533 1712507
1712535 14 1712529 1712534
1712536 11 1712535 1712453
1712537 10 1712536 1712395
1712538 9 1712537 1712472
1712539 8 1712517 1712538
1712540 7 1712514 1712539
1712541 3 1712475 1712540
1712542 17 1712306 1712103
1712543 16 1712542 1712462
1712544 16 1712542 1712166
1712545 15 1712543 1712544
1712546 14 1712545 1712469
1712547 11 1712546 1712253
1712548 10 1712547 1712253
1712549 9 1712511 1712548
1712550 9 1712511 1712472
1712551 8 1712549 1712550
1712552 23 1711227 1712485
1712553 23 1711227 1712488
1712554 22 1712552 1712553
1712555 23 1711373 1712485
1712556 23 1711380 1712492
1712557 22 1712555 1712556
1712558 21 1712554 1712557
1712559 23 1711910 1711739
1712560 23 1711910 1711743
1712561 22 1712559 1712560
1712562 23 1711920 1711739
1712563 23 1711922 1711748
1712564 22 1712562 1712563
1712565 21 1712561 1712564
1712566 19 1712558 1712565
1712567 18 1712566 1711489
1712568 17 1712567 1712302
1712569 16 1712568 1712137
1712570 15 1712569 1712507
1712571 19 1712557 1712564
1712572 18 1712571 1711828
1712573 17 1712572 1712158
1712574 16 1712573 1712162
1712575 15 1712574 1712507
1712576 14 1712570 1712575
1712577 23 1711873 1711726
1712578 23 1711873 1711729
1712579 22 1712577 1712578
1712580 23 1711900 1711726
1712581 23 1711902 1711733
1712582 22 1712580 1712581
1712583 21 1712579 1712582
1712584 19 1712583 1712565
1712585 18 1712584 1711488
1712586 17 1712585 1712316
1712587 16 1712586 1711932
1712588 15 1712587 1712263
1712589 19 1712582 1712564
1712590 18 1712589 1711487
1712591 17 1712590 1712172
1712592 16 1712591 1711974
1712593 15 1712592 1712263
1712594 14 1712588 1712593
1712595 11 1712576 1712594
1712596 10 1712595 1712421
1712597 9 1712596 1712472
1712598 8 1712597 1712538
1712599 7 1712551 1712598
1712600 2 1712541 1712599
1712601 22 1712000 1711353
1712602 22 1712000 1711390
1712603 21 1712601 1712602
1712604 22 1712010 1711469
1712605 22 1712010 1711486
1712606 21 1712604 1712605
1712607 19 1712603 1712606
1712608 18 1 1712607
1712609 17 1712608 1711770
1712610 16 1712609 1711723
1712611 15 1712610 1712023
1712612 14 1712611 1712413
1712613 22 1711727 1712578
1712614 22 1711727 1712581
1712615 21 1712613 1712614
1712616 22 1711740 1712560
1712617 22 1711740 1712563
1712618 21 1712616 1712617
1712619 19 1712615 1712618
1712620 18 1712619 1712606
1712621 17 1712620 1711934
1712622 16 1712621 1711932
1712623 15 1712622 1712259
1712624 14 1712623 1712593
1712625 11 1712612 1712624
1712626 22 1712053 1711898
1712627 22 1712053 1711907
1712628 21 1712626 1712627
1712629 22 1712079 1711918
1712630 22 1712079 1711926
1712631 21 1712629 1712630
1712632 19 1712628 1712631
1712633 18 1712632 1712606
1712634 17 1712633 1712103
1712635 16 1712634 1712051
1712636 15 1712635 1712106
1712637 14 1712636 1712420
1712638 11 1712612 1712637
1712639 10 1712625 1712638
1712640 9 1712639 1712548
1712641 8 1712640 1712473
1712642 11 1712414 1712594
1712643 10 1712642 1712422
1712644 9 1712643 1712472
1712645 8 1712644 1712473
1712646 7 1712641 1712645
1712647 22 1712486 1712553
1712648 22 1712486 1712556
1712649 21 1712647 1712648
1712650 19 1712649 1712618
1712651 18 1712650 1712607
1712652 17 1712651 1711770
1712653 16 1712652 1712137
1712654 15 1712653 1712499
1712655 14 1712654 1712575
1712656 11 1712655 1712624
1712657 10 1712656 1712637
1712658 9 1712657 1712548
1712659 8 1712658 1712538
1712660 7 1712659 1712598
1712661 3 1712646 1712660
1712662 2 1712661 1712660
1712663 1 1712600 1712662
1712664 16 1711771 1711723
1712665 15 1712664 1711826
1712666 14 1712665 1712403
1712667 11 1712666 1712176
1712668 10 1712667 1712638
1712669 9 1712668 1712255
1712670 8 1712669 1712473
1712671 7 1712670 1712474
1712672 10 1712177 1712637
1712673 9 1712672 1712483
1712674 8 1712673 1712538
1712675 7 1712674 1712539
1712676 3 1712671 1712675
1712677 2 1712676 1712660
1712678 1 1712677 1712662
1712679 0 1712663 1712678
