2997 49
0 1 2 3 4 5 6 7 8 9 10 11 12 13 14 15 16 17 18 19 20 21 22 23 24 25 26 27 28 29 30 31 32 33 34 35 36 37 38 39 40 41 42 43 44 45 46 47 48 
98 48 0 1
178726 47 0 98
179884 46 0 178726
179897 45 0 179884
173135 46 0 98
174747 45 0 173135
181739 40 179897 174747
181740 39 179897 181739
179252 45 0 178726
169716 45 0 98
282064 40 179252 169716
282065 39 179897 282064
282066 38 181740 282065
181745 41 179897 174747
181746 40 181745 174747
181747 39 179897 181746
282067 41 179252 169716
282068 40 282067 169716
282069 39 179897 282068
282070 38 181747 282069
282071 33 282066 282070
282072 32 282066 282071
282073 40 179897 169716
282074 39 282073 282064
282075 38 181740 282074
282076 41 179897 169716
282077 40 282076 169716
282078 39 282077 282068
282079 38 181747 282078
282080 33 282075 282079
282081 32 282066 282080
282082 31 282072 282081
282083 37 282066 282065
282084 37 282075 282074
282085 37 282079 282078
282086 33 282084 282085
282087 32 282083 282086
282088 31 282072 282087
282089 30 282082 282088
181695 41 179897 98
287577 47 98 1
287578 46 98 287577
287579 45 98 287578
312595 41 179897 287579
312596 40 181695 312595
287581 46 98 1
287582 45 98 287581
312597 41 174747 287582
312598 40 181695 312597
312599 39 312596 312598
312600 41 179252 98
287585 45 98 1
312601 41 169716 287585
312602 40 312600 312601
312603 39 312596 312602
312604 38 312599 312603
312605 34 282066 312604
312606 40 181695 287579
312607 40 181695 287582
312608 39 312606 312607
312609 40 312600 287585
312610 39 312606 312609
312611 38 312608 312610
312612 34 282066 312611
312613 33 312605 312612
222893 46 178726 1
222894 45 178726 222893
287590 41 222894 287582
287591 40 287590 287582
312614 39 312606 287591
285778 45 178726 1
287593 41 285778 287585
287594 40 287593 287585
312615 39 312606 287594
312616 38 312614 312615
312617 34 282070 312616
312618 33 312605 312617
312619 32 312613 312618
312620 40 181695 312601
312621 39 312620 312602
312622 38 312599 312621
312623 34 282075 312622
285788 45 179884 1
287605 41 285788 287585
287606 40 287605 287585
287607 39 287606 287594
312624 38 312614 287607
312625 34 282079 312624
312626 33 312623 312625
312627 32 312613 312626
312628 31 312619 312627
312629 37 312604 312603
312630 34 282083 312629
312631 37 312611 312610
312632 34 282083 312631
312633 33 312630 312632
312634 37 312622 312621
312635 34 282084 312634
92 45 0 1
287619 41 92 287585
287620 40 287619 287585
287621 39 287620 287594
287622 38 287621 287607
312636 37 312624 287622
312637 34 282085 312636
312638 33 312635 312637
312639 32 312633 312638
312640 31 312619 312639
312641 30 312628 312640
312642 27 282089 312641
312643 33 312605 312611
312644 33 312605 312616
312645 32 312643 312644
312646 33 312623 312624
312647 32 312643 312646
312648 31 312645 312647
312649 33 312630 312631
312650 33 312635 312636
312651 32 312649 312650
312652 31 312645 312651
312653 30 312648 312652
312654 27 282089 312653
312655 26 312642 312654
282090 34 282066 282070
282091 33 282090 282070
282092 32 282066 282091
282093 34 282075 282079
282094 33 282093 282079
282095 32 282066 282094
282096 31 282092 282095
282097 34 282084 282085
282098 33 282097 282085
282099 32 282083 282098
282100 31 282092 282099
282101 30 282096 282100
312656 40 179897 287579
287583 40 222894 287582
312657 39 312656 287583
287586 40 285778 287585
312658 39 312656 287586
312659 38 312657 312658
312660 34 312659 312616
312661 33 312660 312616
312662 32 312643 312661
287602 40 285788 287585
287603 39 287602 287586
312663 38 312657 287603
312664 34 312663 312624
312665 33 312664 312624
312666 32 312643 312665
312667 31 312662 312666
287615 40 92 287585
287616 39 287615 287586
287617 38 287616 287603
312668 37 312663 287617
312669 34 312668 312636
312670 33 312669 312636
312671 32 312649 312670
312672 31 312662 312671
312673 30 312667 312672
312674 27 282101 312673
312675 26 312642 312674
312676 25 312655 312675
282104 33 282066 282079
282105 32 282104 282080
282106 31 282072 282105
282107 33 282083 282085
282108 32 282107 282086
282109 31 282072 282108
282110 30 282106 282109
312677 33 312605 312625
312678 32 312677 312626
312679 31 312619 312678
312680 33 312630 312637
312681 32 312680 312638
312682 31 312619 312681
312683 30 312679 312682
312684 27 282110 312683
282111 39 282076 282068
282112 38 181747 282111
282113 34 282066 282112
282114 33 282113 282079
282115 32 282114 282094
282116 31 282092 282115
282117 37 282112 282111
282118 34 282083 282117
282119 33 282118 282085
282120 32 282119 282098
282121 31 282092 282120
282122 30 282116 282121
312685 39 179897 287583
287600 39 285788 287586
312686 38 312685 287600
312687 39 312596 287591
287736 39 287605 287594
312688 38 312687 287736
312689 34 312686 312688
312690 33 312689 312624
312691 32 312690 312665
312692 31 312662 312691
287612 39 92 287586
287613 38 287612 287600
312693 37 312686 287613
287744 39 287619 287594
287745 38 287744 287736
312694 37 312688 287745
312695 34 312693 312694
312696 33 312695 312636
312697 32 312696 312670
312698 31 312662 312697
312699 30 312692 312698
312700 27 282122 312699
312701 26 312684 312700
312702 25 312655 312701
312703 24 312676 312702
282126 32 282066 282086
282127 31 282126 282087
282128 30 282082 282127
312704 32 312613 312638
312705 31 312704 312639
312706 30 312628 312705
312707 27 282128 312706
312708 32 312643 312650
312709 31 312708 312651
312710 30 312648 312709
312711 27 282128 312710
312712 26 312707 312711
282129 38 181740 282078
282130 38 282077 282078
282131 37 282129 282130
282132 33 282066 282131
282133 32 282132 282086
282134 31 282133 282108
282135 30 282106 282134
312713 38 312608 287607
287828 38 287620 287607
312714 37 312713 287828
312715 34 282131 312714
312716 33 312605 312715
312717 32 312716 312638
312718 31 312717 312681
312719 30 312679 312718
312720 27 282135 312719
282136 38 181740 282111
280906 41 174747 169716
282137 40 282076 280906
282138 39 282076 282137
282139 38 282138 282111
282140 37 282136 282139
282141 34 282066 282140
282142 33 282141 282131
282143 32 282142 282098
282144 31 282143 282120
282145 30 282116 282144
312721 38 181740 287600
287760 38 92 287600
312722 37 312721 287760
312723 38 312599 287736
287841 38 287619 287736
312724 37 312723 287841
312725 34 312722 312724
312726 33 312725 312714
312727 32 312726 312670
312728 31 312727 312697
312729 30 312692 312728
312730 27 282145 312729
312731 26 312720 312730
312732 25 312712 312731
312733 24 312676 312732
312734 23 312703 312733
282150 29 282089 282088
312735 29 312641 312640
312736 27 282150 312735
312737 29 312653 312652
312738 27 282150 312737
312739 26 312736 312738
282151 29 282101 282100
312740 29 312673 312672
312741 27 282151 312740
312742 26 312736 312741
312743 25 312739 312742
282154 37 282066 282074
282155 37 282070 282078
282156 33 282154 282155
282157 32 282066 282156
282158 31 282157 282087
282159 30 282158 282127
282160 29 282128 282159
312744 37 312604 312621
312745 34 282154 312744
312746 37 312616 287622
312747 34 282155 312746
312748 33 312745 312747
312749 32 312613 312748
312750 31 312749 312639
312751 30 312750 312705
312752 29 312706 312751
312753 27 282160 312752
312754 33 312745 312746
312755 32 312643 312754
312756 31 312755 312651
312757 30 312756 312709
312758 29 312710 312757
312759 27 282160 312758
312760 26 312753 312759
282161 37 282066 282130
282162 33 282066 282161
282163 32 282162 282156
282164 31 282163 282108
282165 30 282164 282134
282166 29 282135 282165
312761 37 312611 287828
312762 34 282161 312761
312763 33 312605 312762
312764 32 312763 312748
312765 31 312764 312681
312766 30 312765 312718
312767 29 312719 312766
312768 27 282166 312767
282167 37 282066 282139
282168 34 282066 282167
282169 33 282168 282161
282170 34 282154 282155
282171 33 282170 282155
282172 32 282169 282171
282173 31 282172 282120
282174 30 282173 282144
282175 29 282145 282174
312769 37 282066 287760
312770 37 312604 287841
312771 34 312769 312770
312772 33 312771 312761
312773 37 312659 287617
312774 34 312773 312746
312775 33 312774 312746
312776 32 312772 312775
312777 31 312776 312697
312778 30 312777 312728
312779 29 312729 312778
312780 27 282175 312779
312781 26 312768 312780
312782 25 312760 312781
312783 24 312743 312782
312784 23 312703 312783
312785 22 312734 312784
287762 39 285788 287594
287764 38 92 287762
312786 37 282070 287764
312787 33 312769 312786
312788 32 312769 312787
288408 38 92 287603
312789 37 282075 288408
288410 38 92 287607
312790 37 282079 288410
312791 33 312789 312790
312792 32 312769 312791
312793 31 312788 312792
312794 38 181747 287762
312795 37 312794 287764
312796 33 312722 312795
312797 32 312722 312796
312798 33 312668 312636
312799 32 312693 312798
312800 31 312797 312799
312801 30 312793 312800
312802 29 282089 312801
294906 45 287578 1
294907 41 285788 294906
294908 40 287605 294907
287633 41 287585 1
294899 40 287593 287633
294909 39 294908 294899
294949 38 287619 294909
312803 37 312604 294949
312804 34 312769 312803
294914 40 287605 294906
294915 40 287593 1
294916 39 294914 294915
294953 38 287620 294916
312805 37 312611 294953
312806 34 312769 312805
312807 33 312804 312806
294956 39 294914 1
294958 38 287621 294956
312808 37 312616 294958
312809 34 312786 312808
312810 33 312804 312809
312811 32 312807 312810
294919 40 287605 287633
294920 39 294919 294899
295233 38 287619 294920
312812 37 312622 295233
312813 34 312789 312812
295236 38 287621 1
312814 37 312624 295236
312815 34 312790 312814
312816 33 312813 312815
312817 32 312807 312816
312818 31 312811 312817
312819 38 312599 294909
312820 37 312819 294949
312821 34 312722 312820
312822 38 312608 294916
312823 37 312822 294953
312824 34 312722 312823
312825 33 312821 312824
312826 38 312614 294956
312827 37 312826 294958
312828 34 312795 312827
312829 33 312821 312828
312830 32 312825 312829
287630 41 287582 1
294897 40 287590 287630
312831 39 312596 294897
312832 38 312831 294909
294926 39 287619 294899
294927 38 294926 294909
312833 37 312832 294927
312834 34 312693 312833
294912 40 287590 1
312835 39 312606 294912
312836 38 312835 294916
294930 39 287620 294915
294931 38 294930 294916
312837 37 312836 294931
312838 34 312693 312837
312839 33 312834 312838
287628 41 287579 1
312840 40 181695 287628
312841 39 312840 294897
312842 38 312841 294920
294934 40 287619 287633
294935 39 294934 294899
294936 38 294935 294920
312843 37 312842 294936
312844 34 312668 312843
312845 34 312636 1
312846 33 312844 312845
312847 32 312839 312846
312848 31 312830 312847
312849 30 312818 312848
312850 29 312641 312849
312851 27 312802 312850
312852 33 312804 312805
312853 33 312804 312808
312854 32 312852 312853
312855 33 312813 312814
312856 32 312852 312855
312857 31 312854 312856
312858 33 312821 312823
312859 33 312821 312827
312860 32 312858 312859
312861 33 312834 312837
312862 33 312844 1
312863 32 312861 312862
312864 31 312860 312863
312865 30 312857 312864
312866 29 312653 312865
312867 27 312802 312866
312868 26 312851 312867
312869 34 312769 312786
312870 33 312869 312786
312871 32 312769 312870
312872 34 312789 312790
312873 33 312872 312790
312874 32 312769 312873
312875 31 312871 312874
312876 34 312722 312795
312877 33 312876 312795
312878 32 312722 312877
312879 32 312693 312670
312880 31 312878 312879
312881 30 312875 312880
312882 29 282101 312881
294968 40 285788 294906
294969 39 294968 1
294971 38 287616 294969
312883 37 312659 294971
312884 34 312883 312808
312885 33 312884 312808
312886 32 312852 312885
295246 38 287616 1
312887 37 312663 295246
312888 34 312887 312814
312889 33 312888 312814
312890 32 312852 312889
312891 31 312886 312890
312892 38 312657 294969
312893 37 312892 294971
312894 34 312893 312827
312895 33 312894 312827
312896 32 312858 312895
312897 32 312861 1
312898 31 312896 312897
312899 30 312891 312898
312900 29 312673 312899
312901 27 312882 312900
312902 26 312851 312901
312903 25 312868 312902
312904 33 312769 312790
312905 32 312904 312791
312906 31 312788 312905
312907 33 312693 312636
312908 32 312907 312798
312909 31 312797 312908
312910 30 312906 312909
312911 29 282110 312910
312912 33 312804 312815
312913 32 312912 312816
312914 31 312811 312913
312915 33 312834 312845
312916 32 312915 312846
312917 31 312830 312916
312918 30 312914 312917
312919 29 312683 312918
312920 27 312911 312919
288468 38 92 287736
312921 37 282112 288468
312922 34 312769 312921
312923 33 312922 312790
312924 32 312923 312873
312925 31 312871 312924
312926 31 312878 312697
312927 30 312925 312926
312928 29 282122 312927
295259 38 287612 1
312929 37 312686 295259
295261 38 287744 1
312930 37 312688 295261
312931 34 312929 312930
312932 33 312931 312814
312933 32 312932 312889
312934 31 312886 312933
312935 31 312896 1
312936 30 312934 312935
312937 29 312699 312936
312938 27 312928 312937
312939 26 312920 312938
312940 25 312868 312939
312941 24 312903 312940
312942 32 312722 312798
312943 31 312942 312799
312944 30 312793 312943
312945 29 282128 312944
312946 32 312825 312846
312947 31 312946 312847
312948 30 312818 312947
312949 29 312706 312948
312950 27 312945 312949
312951 32 312858 312862
312952 31 312951 312863
312953 30 312857 312952
312954 29 312710 312953
312955 27 312945 312954
312956 26 312950 312955
312957 33 312722 312714
312958 32 312957 312798
312959 31 312958 312908
312960 30 312906 312959
312961 29 282135 312960
312962 34 312714 1
312963 33 312821 312962
312964 32 312963 312846
312965 31 312964 312916
312966 30 312914 312965
312967 29 312719 312966
312968 27 312961 312967
312969 30 312925 312728
312970 29 282145 312969
312971 30 312934 1
312972 29 312729 312971
312973 27 312970 312972
312974 26 312968 312973
312975 25 312956 312974
312976 24 312903 312975
312977 23 312941 312976
312978 30 282082 312800
312979 29 312978 312801
312980 30 312628 312848
312981 29 312980 312849
312982 27 312979 312981
312983 30 312648 312864
312984 29 312983 312865
312985 27 312979 312984
312986 26 312982 312985
312987 30 282096 312880
312988 29 312987 312881
312989 30 312667 312898
312990 29 312989 312899
312991 27 312988 312990
312992 26 312982 312991
312993 25 312986 312992
312994 30 282106 312909
312995 29 312994 312910
312996 30 312679 312917
312997 29 312996 312918
312998 27 312995 312997
312999 30 282116 312926
313000 29 312999 312927
313001 30 312692 312935
313002 29 313001 312936
313003 27 313000 313002
313004 26 312998 313003
313005 25 312986 313004
313006 24 312993 313005
313007 33 312663 312624
313008 32 312686 313007
313009 31 282072 313008
313010 30 313009 312800
313011 31 312788 312799
313012 30 313011 312800
313013 29 313010 313012
313014 34 312686 312832
313015 34 312686 312836
313016 33 313014 313015
313017 34 312663 312842
313018 34 312624 1
313019 33 313017 313018
313020 32 313016 313019
313021 31 312619 313020
313022 30 313021 312848
313023 31 312811 312847
313024 30 313023 312848
313025 29 313022 313024
313026 27 313013 313025
313027 33 313014 312836
313028 33 313017 1
313029 32 313027 313028
313030 31 312645 313029
313031 30 313030 312864
313032 31 312854 312863
313033 30 313032 312864
313034 29 313031 313033
313035 27 313013 313034
313036 26 313026 313035
313037 32 312686 312665
313038 31 282092 313037
313039 30 313038 312880
313040 31 312871 312879
313041 30 313040 312880
313042 29 313039 313041
313043 32 313027 1
313044 31 312662 313043
313045 30 313044 312898
313046 31 312886 312897
313047 30 313046 312898
313048 29 313045 313047
313049 27 313042 313048
313050 26 313026 313049
313051 25 313036 313050
313052 33 312659 312616
313053 32 282066 313052
313054 31 313053 313008
313055 30 313054 312943
313056 33 312773 312746
313057 32 312769 313056
313058 31 313057 312799
313059 30 313058 312943
313060 29 313055 313059
313061 39 312840 294899
313062 38 312841 313061
313063 34 312659 313062
313064 34 312616 1
313065 33 313063 313064
313066 32 312613 313065
313067 31 313066 313020
313068 30 313067 312947
313069 37 313062 294936
313070 34 312773 313069
313071 34 312746 1
313072 33 313070 313071
313073 32 312807 313072
313074 31 313073 312847
313075 30 313074 312947
313076 29 313068 313075
313077 27 313060 313076
313078 33 313063 1
313079 32 312643 313078
313080 31 313079 313029
313081 30 313080 312952
313082 33 313070 1
313083 32 312852 313082
313084 31 313083 312863
313085 30 313084 312952
313086 29 313081 313085
313087 27 313060 313086
313088 26 313077 313087
313089 33 282066 312611
313090 32 313089 313052
313091 33 312686 312624
313092 32 313091 313007
313093 31 313090 313092
313094 30 313093 312959
313095 33 312769 312761
313096 32 313095 313056
313097 31 313096 312908
313098 30 313097 312959
313099 29 313094 313098
313100 34 312611 1
313101 33 312605 313100
313102 32 313101 313065
313103 33 313014 313018
313104 32 313103 313019
313105 31 313102 313104
313106 30 313105 312965
313107 34 312761 1
313108 33 312804 313107
313109 32 313108 313072
313110 31 313109 312916
313111 30 313110 312965
313112 29 313106 313111
313113 27 313099 313112
313114 27 312779 1
313115 26 313113 313114
313116 25 313088 313115
313117 24 313051 313116
313118 23 313006 313117
313119 22 312977 313118
313120 21 312785 313119
313121 27 282089 312673
313122 26 313121 312674
313123 25 312655 313122
313124 27 282110 312699
313125 26 313124 312700
313126 25 312655 313125
313127 24 313123 313126
313128 27 282135 312729
313129 26 313128 312730
313130 25 312712 313129
313131 24 313123 313130
313132 23 313127 313131
313133 27 282150 312740
313134 26 313133 312741
313135 25 312739 313134
313136 27 282166 312779
313137 26 313136 312780
313138 25 312760 313137
313139 24 313135 313138
313140 23 313127 313139
313141 22 313132 313140
313142 27 312802 312900
313143 26 313142 312901
313144 25 312868 313143
313145 27 312911 312937
313146 26 313145 312938
313147 25 312868 313146
313148 24 313144 313147
313149 27 312961 312972
313150 26 313149 312973
313151 25 312956 313150
313152 24 313144 313151
313153 23 313148 313152
313154 27 312979 312990
313155 26 313154 312991
313156 25 312986 313155
313157 27 312995 313002
313158 26 313157 313003
313159 25 312986 313158
313160 24 313156 313159
313161 27 313013 313048
313162 26 313161 313049
313163 25 313036 313162
313164 27 313099 1
313165 26 313164 313114
313166 25 313088 313165
313167 24 313163 313166
313168 23 313160 313167
313169 22 313153 313168
313170 21 313141 313169
313171 19 313120 313170
313172 18 313120 313171
313173 26 312642 312700
313174 25 313173 312701
313175 24 312676 313174
313176 26 312707 312730
313177 25 313176 312731
313178 24 312676 313177
313179 23 313175 313178
313180 26 312753 312780
313181 25 313180 312781
313182 24 312743 313181
313183 23 313175 313182
313184 22 313179 313183
313185 26 312851 312938
313186 25 313185 312939
313187 24 312903 313186
313188 26 312950 312973
313189 25 313188 312974
313190 24 312903 313189
313191 23 313187 313190
313192 26 312982 313003
313193 25 313192 313004
313194 24 312993 313193
313195 26 313077 313114
313196 25 313195 313115
313197 24 313051 313196
313198 23 313194 313197
313199 22 313191 313198
313200 21 313184 313199
313201 32 312613 312661
313202 34 312686 312624
313203 33 312689 313202
313204 32 313203 312665
313205 31 313201 313204
313206 34 312693 312636
313207 33 312695 313206
313208 32 313207 312670
313209 31 313201 313208
313210 30 313205 313209
313211 27 282089 313210
313212 26 313211 312700
313213 25 313212 313125
313214 24 313123 313213
313215 34 312722 312714
313216 33 312725 313215
313217 32 313216 312670
313218 31 313217 313208
313219 30 313205 313218
313220 27 282128 313219
313221 26 313220 312730
313222 25 313221 313129
313223 24 313123 313222
313224 23 313214 313223
313225 34 312769 312761
313226 33 312771 313225
313227 32 313226 312775
313228 31 313227 313208
313229 30 313228 313218
313230 29 313219 313229
313231 27 282160 313230
313232 26 313231 312780
313233 25 313232 313137
313234 24 313135 313233
313235 23 313214 313234
313236 22 313224 313235
313237 32 312807 312885
313238 34 312929 312814
313239 33 312931 313238
313240 32 313239 312889
313241 31 313237 313240
313242 32 312825 312895
313243 31 313242 1
313244 30 313241 313243
313245 29 313210 313244
313246 27 312802 313245
313247 26 313246 312938
313248 25 313247 313146
313249 24 313144 313248
313250 30 313241 1
313251 29 313219 313250
313252 27 312945 313251
313253 26 313252 312973
313254 25 313253 313150
313255 24 313144 313254
313256 23 313249 313255
313257 30 313205 313243
313258 29 313257 313244
313259 27 312979 313258
313260 26 313259 313003
313261 25 313260 313158
313262 24 313156 313261
313263 27 313060 1
313264 26 313263 313114
313265 25 313264 313165
313266 24 313163 313265
313267 23 313262 313266
313268 22 313256 313267
313269 21 313236 313268
313270 19 313200 313269
313271 18 313120 313270
313272 17 313172 313271
313273 25 312655 312731
313274 24 313273 312732
313275 23 312703 313274
313276 25 312739 312781
313277 24 313276 312782
313278 23 312703 313277
313279 22 313275 313278
313280 25 312868 312974
313281 24 313280 312975
313282 23 312941 313281
313283 25 313036 313115
313284 24 313283 313116
313285 23 313006 313284
313286 22 313282 313285
313287 21 313279 313286
282261 31 282072 282115
282262 33 282141 282085
282263 32 282142 282262
282264 31 282263 282120
282265 30 282261 282264
313288 31 312645 312691
313289 33 312725 312636
313290 32 312726 313289
313291 31 313290 312697
313292 30 313288 313291
313293 27 282265 313292
313294 26 312642 313293
313295 25 313294 312731
313296 24 313295 313177
313297 23 313175 313296
282270 33 282168 282155
282271 32 282169 282270
282272 31 282271 282120
282273 30 282272 282264
282274 29 282265 282273
313298 33 312771 312746
313299 32 312772 313298
313300 31 313299 312697
313301 30 313300 313291
313302 29 313292 313301
313303 27 282274 313302
313304 26 312736 313303
313305 25 313304 312781
313306 24 313305 313181
313307 23 313175 313306
313308 22 313297 313307
313309 31 312788 312924
313310 30 313309 313291
313311 29 282265 313310
313312 31 312854 312933
313313 30 313312 1
313314 29 313292 313313
313315 27 313311 313314
313316 26 312851 313315
313317 25 313316 312974
313318 24 313317 313189
313319 23 313187 313318
313320 27 313302 1
313321 26 313026 313320
313322 25 313321 313115
313323 24 313322 313196
313324 23 313194 313323
313325 22 313319 313324
313326 21 313308 313325
313327 31 312619 313204
313328 34 312795 312636
313329 33 312725 313328
313330 32 313216 313329
313331 31 313330 313208
313332 30 313327 313331
313333 27 282089 313332
313334 26 313333 313293
313335 25 313334 313129
313336 24 313335 313222
313337 23 313214 313336
313338 34 312786 312746
313339 33 312771 313338
313340 32 313226 313339
313341 31 313340 313208
313342 30 313341 313331
313343 29 313332 313342
313344 27 282150 313343
313345 26 313344 313303
313346 25 313345 313137
313347 24 313346 313233
313348 23 313214 313347
313349 22 313337 313348
313350 31 312811 313240
313351 30 313350 1
313352 29 313332 313351
313353 27 312802 313352
313354 26 313353 313315
313355 25 313354 313150
313356 24 313355 313254
313357 23 313249 313356
313358 27 313013 1
313359 26 313358 313320
313360 25 313359 313165
313361 24 313360 313265
313362 23 313262 313361
313363 22 313357 313362
313364 21 313349 313363
313365 19 313326 313364
313366 18 313287 313365
313367 17 313172 313366
313368 16 313272 313367
313369 24 312676 312782
313370 23 313369 312783
313371 22 312734 313370
313372 24 312993 313116
313373 23 313372 313117
313374 22 312977 313373
313375 21 313371 313374
313376 24 313123 313138
313377 23 313376 313139
313378 22 313132 313377
313379 24 313156 313166
313380 23 313379 313167
313381 22 313153 313380
313382 21 313378 313381
313383 19 313375 313382
313384 18 313375 313383
282315 30 282082 282134
282316 32 282162 282086
282317 31 282163 282316
282318 30 282317 282134
282319 29 282315 282318
313385 30 312628 312718
313386 32 312763 312638
313387 31 312764 313386
313388 30 313387 312718
313389 29 313385 313388
313390 27 282319 313389
282320 30 282096 282144
282321 32 282169 282098
282322 31 282172 282321
282323 30 282322 282144
282324 29 282320 282323
313391 30 312667 312728
313392 32 312772 312670
313393 31 312776 313392
313394 30 313393 312728
313395 29 313391 313394
313396 27 282324 313395
313397 26 313390 313396
313398 25 312655 313397
313399 24 313398 312782
313400 23 313399 313277
313401 22 313275 313400
313402 32 313089 313007
313403 31 313090 313402
313404 30 313403 312959
313405 32 313095 312798
313406 31 313096 313405
313407 30 313406 312959
313408 29 313404 313407
313409 32 313101 313019
313410 31 313102 313409
313411 30 313410 312965
313412 32 313108 312846
313413 31 313109 313412
313414 30 313413 312965
313415 29 313411 313414
313416 27 313408 313415
313417 27 313395 1
313418 26 313416 313417
313419 25 312986 313418
313420 24 313419 313116
313421 23 313420 313284
313422 22 313282 313421
313423 21 313401 313422
282330 30 282082 282264
282331 38 282138 282078
282332 37 282075 282331
282333 34 282075 282332
282334 33 282333 282085
282335 32 282169 282334
282336 31 282271 282335
282337 30 282336 282264
282338 29 282330 282337
313424 30 312648 313291
288577 38 287619 287607
313425 37 312622 288577
313426 34 312789 313425
313427 33 313426 312636
313428 32 312772 313427
313429 31 313299 313428
313430 30 313429 313291
313431 29 313424 313430
313432 27 282338 313431
313433 26 312642 313432
313434 25 313433 313397
313435 24 313434 313181
313436 23 313435 313306
313437 22 313297 313436
313438 27 313431 1
313439 26 312982 313438
313440 25 313439 313418
313441 24 313440 313196
313442 23 313441 313323
313443 22 313319 313442
313444 21 313437 313443
313445 30 312628 313331
313446 34 312790 312636
313447 33 313426 313446
313448 32 313226 313447
313449 31 313340 313448
313450 30 313449 313331
313451 29 313445 313450
313452 27 282089 313451
313453 26 313452 313432
313454 27 282319 313395
313455 26 313454 313396
313456 25 313453 313455
313457 24 313456 313233
313458 23 313457 313347
313459 22 313337 313458
313460 27 312979 1
313461 26 313460 313438
313462 27 313408 1
313463 26 313462 313417
313464 25 313461 313463
313465 24 313464 313265
313466 23 313465 313361
313467 22 313357 313466
313468 21 313459 313467
313469 19 313444 313468
313470 18 313423 313469
313471 17 313384 313470
313472 16 313272 313471
313473 15 313368 313472
313474 23 312941 313117
313475 22 313474 313118
313476 21 312785 313475
313477 23 313148 313167
313478 22 313477 313168
313479 21 313141 313478
313480 19 313476 313479
313481 18 313476 313480
313482 23 313187 313197
313483 22 313482 313198
313484 21 313184 313483
313485 23 313249 313266
313486 22 313485 313267
313487 21 313236 313486
313488 19 313484 313487
313489 18 313476 313488
313490 17 313481 313489
313491 31 313053 312799
313492 30 313054 313491
313493 29 313492 313059
313494 31 313066 312847
313495 30 313067 313494
313496 29 313495 313075
313497 27 313493 313496
313498 31 313079 312863
313499 30 313080 313498
313500 29 313499 313085
313501 27 313493 313500
313502 26 313497 313501
313503 31 313090 312908
313504 30 313093 313503
313505 29 313504 313098
313506 31 313102 312916
313507 30 313105 313506
313508 29 313507 313111
313509 27 313505 313508
313510 29 312699 312778
313511 27 313510 1
313512 26 313509 313511
313513 25 313502 313512
313514 24 312903 313513
313515 23 313514 313117
313516 22 313515 313373
313517 21 313371 313516
313518 27 313505 1
313519 26 313518 313511
313520 25 313502 313519
313521 24 313144 313520
313522 23 313521 313167
313523 22 313522 313380
313524 21 313378 313523
313525 19 313517 313524
313526 18 313517 313525
313527 33 282083 312631
313528 32 313527 312798
313529 31 313090 313528
313530 30 313403 313529
313531 29 313530 313407
313532 34 312631 1
313533 33 312630 313532
313534 32 313533 312846
313535 31 313102 313534
313536 30 313410 313535
313537 29 313536 313414
313538 27 313531 313537
313539 29 312673 313394
313540 27 313539 1
313541 26 313538 313540
313542 25 312868 313541
313543 24 313542 313513
313544 23 313543 313284
313545 22 313544 313421
313546 21 313401 313545
313547 29 312653 313430
313548 27 313547 1
313549 26 312851 313548
313550 25 313549 313541
313551 26 313497 313511
313552 25 313551 313512
313553 24 313550 313552
313554 23 313553 313323
313555 22 313554 313442
313556 21 313437 313555
313557 27 312802 1
313558 26 313557 313548
313559 27 313531 1
313560 26 313559 313540
313561 25 313558 313560
313562 27 313493 1
313563 26 313562 313511
313564 25 313563 313519
313565 24 313561 313564
313566 23 313565 313361
313567 22 313566 313466
313568 21 313459 313567
313569 19 313556 313568
313570 18 313546 313569
313571 17 313526 313570
313572 16 313490 313571
313573 15 313368 313572
313574 14 313473 313573
313575 19 313120 313269
313576 18 313575 313270
313577 17 313172 313576
313578 19 313287 313364
313579 18 313578 313365
313580 17 313172 313579
313581 16 313577 313580
313582 19 313423 313468
313583 18 313582 313469
313584 17 313384 313583
313585 16 313577 313584
313586 15 313581 313585
313587 19 313476 313487
313588 18 313587 313488
313589 17 313481 313588
313590 19 313546 313568
313591 18 313590 313569
313592 17 313526 313591
313593 16 313589 313592
313594 15 313581 313593
313595 14 313586 313594
313596 11 313574 313595
313597 10 313574 313596
313598 18 313120 313365
313599 17 313598 313366
313600 16 313272 313599
313601 18 313375 313469
313602 17 313601 313470
313603 16 313272 313602
313604 15 313600 313603
313605 18 313517 313569
313606 17 313605 313570
313607 16 313490 313606
313608 15 313600 313607
313609 14 313604 313608
313610 24 312676 313213
313611 26 313333 312730
313612 25 313334 313611
313613 24 313612 313222
313614 23 313610 313613
313615 26 313344 312780
313616 25 313345 313615
313617 24 313616 313233
313618 23 313610 313617
313619 22 313614 313618
313620 24 312903 313248
313621 26 313353 312973
313622 25 313354 313621
313623 24 313622 313254
313624 23 313620 313623
313625 24 312993 313261
313626 26 313358 313114
313627 25 313359 313626
313628 24 313627 313265
313629 23 313625 313628
313630 22 313624 313629
313631 21 313619 313630
313632 19 313120 313631
313633 18 313632 313365
313634 17 313633 313579
313635 16 313577 313634
313636 26 313452 313396
313637 25 313453 313636
313638 24 313637 313233
313639 23 313638 313617
313640 22 313614 313639
313641 26 313460 313417
313642 25 313461 313641
313643 24 313642 313265
313644 23 313643 313628
313645 22 313624 313644
313646 21 313640 313645
313647 19 313375 313646
313648 18 313647 313469
313649 17 313648 313583
313650 16 313577 313649
313651 15 313635 313650
313652 26 313557 313540
313653 25 313558 313652
313654 24 313653 313564
313655 23 313654 313628
313656 22 313655 313644
313657 21 313640 313656
313658 19 313517 313657
313659 18 313658 313569
313660 17 313659 313591
313661 16 313589 313660
313662 15 313635 313661
313663 14 313651 313662
313664 11 313609 313663
313665 10 313574 313664
313666 9 313597 313665
313667 17 313172 313470
313668 16 313667 313471
313669 15 313368 313668
313670 17 313481 313570
313671 16 313670 313571
313672 15 313368 313671
313673 14 313669 313672
313674 23 312703 313296
313675 25 313433 312781
313676 24 313434 313675
313677 23 313676 313306
313678 22 313674 313677
313679 23 312941 313318
313680 25 313439 313115
313681 24 313440 313680
313682 23 313681 313323
313683 22 313679 313682
313684 21 313678 313683
313685 23 313127 313336
313686 25 313453 313137
313687 24 313456 313686
313688 23 313687 313347
313689 22 313685 313688
313690 23 313148 313356
313691 25 313461 313165
313692 24 313464 313691
313693 23 313692 313361
313694 22 313690 313693
313695 21 313689 313694
313696 19 313684 313695
313697 18 313120 313696
313698 17 313697 313470
313699 16 313698 313602
313700 15 313600 313699
313701 25 313549 313512
313702 24 313550 313701
313703 23 313702 313323
313704 22 313703 313682
313705 21 313678 313704
313706 25 313558 313519
313707 24 313561 313706
313708 23 313707 313361
313709 22 313708 313693
313710 21 313689 313709
313711 19 313705 313710
313712 18 313476 313711
313713 17 313712 313570
313714 16 313713 313606
313715 15 313600 313714
313716 14 313700 313715
313717 23 312703 313613
313718 31 313330 312697
313719 30 312679 313718
313720 33 312771 313446
313721 32 313720 313447
313722 31 313340 313721
313723 30 313722 313718
313724 29 313719 313723
313725 27 282110 313724
313726 26 313725 312780
313727 25 313453 313726
313728 24 313637 313727
313729 23 313728 313617
313730 22 313717 313729
313731 23 312941 313623
313732 27 312995 1
313733 26 313732 313114
313734 25 313461 313733
313735 24 313642 313734
313736 23 313735 313628
313737 22 313731 313736
313738 21 313730 313737
313739 19 313120 313738
313740 18 313739 313696
313741 17 313740 313583
313742 16 313741 313649
313743 15 313635 313742
313744 27 312911 1
313745 26 313744 313511
313746 25 313558 313745
313747 24 313653 313746
313748 23 313747 313628
313749 22 313748 313736
313750 21 313730 313749
313751 19 313476 313750
313752 18 313751 313711
313753 17 313752 313591
313754 16 313753 313660
313755 15 313635 313754
313756 14 313743 313755
313757 11 313716 313756
313758 10 313673 313757
313759 9 313597 313758
313760 8 313666 313759
313761 16 313272 313571
313762 15 313761 313572
313763 14 313473 313762
313764 16 313577 313592
313765 15 313764 313593
313766 14 313586 313765
313767 11 313763 313766
313768 10 313763 313767
313769 22 312734 313400
313770 24 313542 313116
313771 23 313543 313770
313772 22 313771 313421
313773 21 313769 313772
313774 22 313179 313436
313775 24 313550 313196
313776 23 313553 313775
313777 22 313776 313442
313778 21 313774 313777
313779 22 313224 313458
313780 24 313561 313265
313781 23 313565 313780
313782 22 313781 313466
313783 21 313779 313782
313784 19 313778 313783
313785 18 313773 313784
313786 17 313172 313785
313787 16 313786 313571
313788 15 313787 313671
313789 14 313669 313788
313790 22 312734 313677
313791 30 313429 312728
313792 29 312710 313791
313793 27 313792 1
313794 26 312950 313793
313795 25 313794 313115
313796 24 313550 313795
313797 23 313702 313796
313798 22 313797 313682
313799 21 313790 313798
313800 22 313132 313688
313801 27 312945 1
313802 26 313801 313793
313803 25 313802 313165
313804 24 313561 313803
313805 23 313707 313804
313806 22 313805 313693
313807 21 313800 313806
313808 19 313799 313807
313809 18 313120 313808
313810 17 313809 313785
313811 16 313810 313606
313812 15 313811 313714
313813 14 313700 313812
313814 22 312734 313729
313815 27 312961 1
313816 26 313815 313114
313817 25 313802 313816
313818 24 313653 313817
313819 23 313747 313818
313820 22 313819 313736
313821 21 313814 313820
313822 19 313120 313821
313823 18 313822 313808
313824 19 313773 313783
313825 18 313824 313784
313826 17 313823 313825
313827 16 313826 313660
313828 15 313827 313754
313829 14 313743 313828
313830 11 313813 313829
313831 10 313789 313830
313832 9 313768 313831
313833 8 313666 313832
313834 7 313760 313833
313835 27 282089 1
313836 27 312653 1
313837 26 313835 313836
313838 27 312673 1
313839 26 313835 313838
313840 25 313837 313839
313841 27 282110 1
313842 27 312699 1
313843 26 313841 313842
313844 25 313837 313843
313845 24 313840 313844
313846 27 282128 1
313847 27 312710 1
313848 26 313846 313847
313849 27 282135 1
313850 27 312729 1
313851 26 313849 313850
313852 25 313848 313851
313853 24 313840 313852
313854 23 313845 313853
313855 27 282150 1
313856 27 312737 1
313857 26 313855 313856
313858 27 312740 1
313859 26 313855 313858
313860 25 313857 313859
313861 27 282160 1
313862 27 312758 1
313863 26 313861 313862
313864 27 282166 1
313865 26 313864 313114
313866 25 313863 313865
313867 24 313860 313866
313868 23 313845 313867
313869 22 313854 313868
313870 27 312866 1
313871 26 313557 313870
313872 27 312900 1
313873 26 313557 313872
313874 25 313871 313873
313875 27 312937 1
313876 26 313744 313875
313877 25 313871 313876
313878 24 313874 313877
313879 27 312954 1
313880 26 313801 313879
313881 27 312972 1
313882 26 313815 313881
313883 25 313880 313882
313884 24 313874 313883
313885 23 313878 313884
313886 27 312984 1
313887 26 313460 313886
313888 27 312990 1
313889 26 313460 313888
313890 25 313887 313889
313891 27 313002 1
313892 26 313732 313891
313893 25 313887 313892
313894 24 313890 313893
313895 27 313034 1
313896 26 313358 313895
313897 27 313048 1
313898 26 313358 313897
313899 25 313896 313898
313900 27 313086 1
313901 26 313263 313900
313902 26 313164 1
313903 25 313901 313902
313904 24 313899 313903
313905 23 313894 313904
313906 22 313885 313905
313907 21 313869 313906
313908 19 313120 313907
313909 26 312642 313836
313910 27 313530 313536
313911 26 313910 313838
313912 25 313909 313911
313913 27 313504 313507
313914 26 313913 313842
313915 25 313909 313914
313916 24 313912 313915
313917 26 312707 313847
313918 27 313094 313106
313919 26 313918 313850
313920 25 313917 313919
313921 24 313912 313920
313922 23 313916 313921
313923 26 312736 313856
313924 29 313530 313529
313925 29 313536 313535
313926 27 313924 313925
313927 26 313926 313858
313928 25 313923 313927
313929 26 312753 313862
313930 25 313929 313115
313931 24 313928 313930
313932 23 313916 313931
313933 22 313922 313932
313934 26 312851 313870
313935 33 312769 312805
313936 33 312883 312808
313937 32 313935 313936
313938 33 312887 312814
313939 32 313935 313938
313940 31 313937 313939
313941 33 312722 312823
313942 33 312893 312827
313943 32 313941 313942
313944 33 312693 312837
313945 32 313944 1
313946 31 313943 313945
313947 30 313940 313946
313948 29 313530 313947
313949 34 312805 1
313950 33 312804 313949
295103 41 294906 1
306277 40 287605 295103
306278 39 306277 1
306279 38 294935 306278
313951 37 313062 306279
313952 34 312883 313951
313953 34 312808 1
313954 33 313952 313953
313955 32 313950 313954
305043 38 294935 1
313956 37 312842 305043
313957 34 312887 313956
313958 34 312814 1
313959 33 313957 313958
313960 32 313950 313959
313961 31 313955 313960
313962 34 312823 1
313963 33 312821 313962
313964 38 312841 306278
313965 37 313964 306279
313966 34 312893 313965
313967 34 312827 1
313968 33 313966 313967
313969 32 313963 313968
313970 34 312837 1
313971 33 312834 313970
313972 32 313971 1
313973 31 313969 313972
313974 30 313961 313973
313975 29 313536 313974
313976 27 313948 313975
313977 26 313976 313872
313978 25 313934 313977
313979 33 312929 312814
313980 32 313979 313938
313981 31 313937 313980
313982 31 313943 1
313983 30 313981 313982
313984 29 313504 313983
305037 38 294926 1
313985 37 312832 305037
313986 34 312929 313985
313987 33 313986 313958
313988 32 313987 313959
313989 31 313955 313988
313990 31 313969 1
313991 30 313989 313990
313992 29 313507 313991
313993 27 313984 313992
313994 26 313993 313875
313995 25 313934 313994
313996 24 313978 313995
313997 26 312950 313879
313998 30 313981 1
313999 29 313094 313998
314000 30 313989 1
314001 29 313106 314000
314002 27 313999 314001
314003 26 314002 313881
314004 25 313997 314003
314005 24 313978 314004
314006 23 313996 314005
314007 26 312982 313886
314008 30 313403 313946
314009 29 314008 313947
314010 30 313410 313973
314011 29 314010 313974
314012 27 314009 314011
314013 26 314012 313888
314014 25 314007 314013
314015 30 313093 313982
314016 29 314015 313983
314017 30 313105 313990
314018 29 314017 313991
314019 27 314016 314018
314020 26 314019 313891
314021 25 314007 314020
314022 24 314014 314021
314023 26 313026 313895
314024 33 312686 312836
314025 32 314024 1
314026 31 313090 314025
314027 30 314026 313946
314028 31 313937 313945
314029 30 314028 313946
314030 29 314027 314029
314031 34 312836 1
314032 33 313014 314031
314033 32 314032 1
314034 31 313102 314033
314035 30 314034 313973
314036 31 313955 313972
314037 30 314036 313973
314038 29 314035 314037
314039 27 314030 314038
314040 26 314039 313897
314041 25 314023 314040
314042 26 313077 313900
314043 25 314042 1
314044 24 314041 314043
314045 23 314022 314044
314046 22 314006 314045
314047 21 313933 314046
314048 27 313530 1
314049 26 314048 313838
314050 25 313837 314049
314051 27 313504 1
314052 26 314051 313842
314053 25 313837 314052
314054 24 314050 314053
314055 27 313094 1
314056 26 314055 313850
314057 25 313848 314056
314058 24 314050 314057
314059 23 314054 314058
314060 27 313924 1
314061 26 314060 313858
314062 25 313857 314061
314063 25 313863 313165
314064 24 314062 314063
314065 23 314054 314064
314066 22 314059 314065
314067 27 313948 1
314068 26 314067 313872
314069 25 313871 314068
314070 27 313984 1
314071 26 314070 313875
314072 25 313871 314071
314073 24 314069 314072
314074 27 313999 1
314075 26 314074 313881
314076 25 313880 314075
314077 24 314069 314076
314078 23 314073 314077
314079 27 314009 1
314080 26 314079 313888
314081 25 313887 314080
314082 27 314016 1
314083 26 314082 313891
314084 25 313887 314083
314085 24 314081 314084
314086 27 314030 1
314087 26 314086 313897
314088 25 313896 314087
314089 25 313901 1
314090 24 314088 314089
314091 23 314085 314090
314092 22 314078 314091
314093 21 314066 314092
314094 19 314047 314093
314095 18 313908 314094
314096 27 313492 313495
314097 26 314096 313842
314098 25 314097 313914
314099 24 313912 314098
314100 27 313055 313068
314101 26 314100 313850
314102 25 314101 313919
314103 24 313912 314102
314104 23 314099 314103
314105 24 313928 313196
314106 23 314099 314105
314107 22 314104 314106
314108 32 312769 313936
314109 32 312929 313938
314110 31 314108 314109
314111 32 312722 313942
314112 31 314111 1
314113 30 314110 314112
314114 29 313492 314113
314115 32 312807 313954
305040 38 294930 1
314116 37 312836 305040
314117 34 312929 314116
314118 33 313986 314117
314119 32 314118 313959
314120 31 314115 314119
314121 32 312825 313968
314122 31 314121 1
314123 30 314120 314122
314124 29 313495 314123
314125 27 314114 314124
314126 26 314125 313875
314127 25 314126 313994
314128 24 313978 314127
314129 30 314110 1
314130 29 313055 314129
314131 30 314120 1
314132 29 313068 314131
314133 27 314130 314132
314134 26 314133 313881
314135 25 314134 314003
314136 24 313978 314135
314137 23 314128 314136
314138 30 313054 314112
314139 29 314138 314113
314140 30 313067 314122
314141 29 314140 314123
314142 27 314139 314141
314143 26 314142 313891
314144 25 314143 314020
314145 24 314014 314144
314146 24 314041 1
314147 23 314145 314146
314148 22 314137 314147
314149 21 314107 314148
314150 27 313492 1
314151 26 314150 313842
314152 25 314151 314052
314153 24 314050 314152
314154 27 313055 1
314155 26 314154 313850
314156 25 314155 314056
314157 24 314050 314156
314158 23 314153 314157
314159 24 314062 313265
314160 23 314153 314159
314161 22 314158 314160
314162 27 314114 1
314163 26 314162 313875
314164 25 314163 314071
314165 24 314069 314164
314166 27 314130 1
314167 26 314166 313881
314168 25 314167 314075
314169 24 314069 314168
314170 23 314165 314169
314171 27 314139 1
314172 26 314171 313891
314173 25 314172 314083
314174 24 314081 314173
314175 24 314088 1
314176 23 314174 314175
314177 22 314170 314176
314178 21 314161 314177
314179 19 314149 314178
314180 18 313908 314179
314181 17 314095 314180
314182 25 313837 313851
314183 24 314182 313852
314184 23 313845 314183
314185 25 313857 313865
314186 24 314185 313866
314187 23 313845 314186
314188 22 314184 314187
314189 25 313871 313882
314190 24 314189 313883
314191 23 313878 314190
314192 25 313896 313902
314193 24 314192 313903
314194 23 313894 314193
314195 22 314191 314194
314196 21 314188 314195
314197 19 313287 314196
314198 27 313010 313022
314199 27 313292 1
314200 26 314198 314199
314201 25 314200 313919
314202 24 314201 314102
314203 23 314099 314202
314204 23 314099 313323
314205 22 314203 314204
314206 31 312788 314109
314207 30 314206 1
314208 29 313010 314207
314209 31 312811 314119
314210 30 314209 1
314211 29 313022 314210
314212 27 314208 314211
314213 27 313314 1
314214 26 314212 314213
314215 25 314214 314003
314216 24 314215 314135
314217 23 314128 314216
314218 23 314145 1
314219 22 314217 314218
314220 21 314205 314219
314221 27 313010 1
314222 26 314221 314199
314223 25 314222 314056
314224 24 314223 314156
314225 23 314153 314224
314226 23 314153 313361
314227 22 314225 314226
314228 27 314208 1
314229 26 314228 314213
314230 25 314229 314075
314231 24 314230 314168
314232 23 314165 314231
314233 23 314174 1
314234 22 314232 314233
314235 21 314227 314234
314236 19 314220 314235
314237 18 314197 314236
314238 17 314095 314237
314239 16 314181 314238
314240 24 313840 313866
314241 23 314240 313867
314242 22 313854 314241
314243 24 313890 313903
314244 23 314243 313904
314245 22 313885 314244
314246 21 314242 314245
314247 19 313375 314246
314248 24 313912 313930
314249 23 314248 313931
314250 22 313922 314249
314251 24 314014 314043
314252 23 314251 314044
314253 22 314006 314252
314254 21 314250 314253
314255 24 314050 314063
314256 23 314255 314064
314257 22 314059 314256
314258 24 314081 314089
314259 23 314258 314090
314260 22 314078 314259
314261 21 314257 314260
314262 19 314254 314261
314263 18 314247 314262
314264 27 282319 1
314265 26 314264 313417
314266 25 313837 314265
314267 24 314266 313866
314268 23 314267 314186
314269 22 314184 314268
314270 26 313462 1
314271 25 313887 314270
314272 24 314271 313903
314273 23 314272 314193
314274 22 314191 314273
314275 21 314269 314274
314276 19 313423 314275
314277 22 314203 313442
314278 22 314217 1
314279 21 314277 314278
314280 22 314225 313466
314281 22 314232 1
314282 21 314280 314281
314283 19 314279 314282
314284 18 314276 314283
314285 17 314263 314284
314286 16 314181 314285
314287 15 314239 314286
314288 23 313878 313904
314289 22 314288 313905
314290 21 313869 314289
314291 19 313476 314290
314292 23 313996 314044
314293 22 314292 314045
314294 21 313933 314293
314295 23 314073 314090
314296 22 314295 314091
314297 21 314066 314296
314298 19 314294 314297
314299 18 314291 314298
314300 23 314128 314146
314301 22 314300 314147
314302 21 314107 314301
314303 23 314165 314175
314304 22 314303 314176
314305 21 314161 314304
314306 19 314302 314305
314307 18 314291 314306
314308 17 314299 314307
314309 27 313500 1
314310 26 313562 314309
314311 26 313518 1
314312 25 314310 314311
314313 24 313874 314312
314314 23 314313 313904
314315 22 314314 314244
314316 21 314242 314315
314317 19 313517 314316
314318 26 313497 314309
314319 25 314318 1
314320 24 313978 314319
314321 23 314320 314044
314322 22 314321 314252
314323 21 314250 314322
314324 25 314310 1
314325 24 314069 314324
314326 23 314325 314090
314327 22 314326 314259
314328 21 314257 314327
314329 19 314323 314328
314330 18 314317 314329
314331 26 313559 1
314332 25 313871 314331
314333 24 314332 314312
314334 23 314333 314193
314335 22 314334 314273
314336 21 314269 314335
314337 19 313546 314336
314338 21 314277 1
314339 21 314280 1
314340 19 314338 314339
314341 18 314337 314340
314342 17 314330 314341
314343 16 314308 314342
314344 15 314239 314343
314345 14 314287 314344
314346 11 313574 314345
314347 18 313120 314094
314348 25 312655 313911
314349 27 313492 313499
314350 26 314096 314349
314351 25 314350 313914
314352 24 314348 314351
314353 27 313055 313081
314354 26 314100 314353
314355 25 314354 313919
314356 24 314348 314355
314357 23 314352 314356
314358 25 312739 313927
314359 24 314358 313116
314360 23 314352 314359
314361 22 314357 314360
314362 25 312868 313977
314363 33 313952 1
314364 32 312852 314363
314365 33 313986 314116
314366 33 313957 1
314367 32 314365 314366
314368 31 314364 314367
314369 33 313966 1
314370 32 312858 314369
314371 31 314370 1
314372 30 314368 314371
314373 29 313499 314372
314374 27 314114 314373
314375 26 314125 314374
314376 25 314375 313994
314377 24 314362 314376
314378 30 314368 1
314379 29 313081 314378
314380 27 314130 314379
314381 26 314133 314380
314382 25 314381 314003
314383 24 314362 314382
314384 23 314377 314383
314385 25 312986 314013
314386 30 313080 314371
314387 29 314386 314372
314388 27 314139 314387
314389 26 314142 314388
314390 25 314389 314020
314391 24 314385 314390
314392 25 313036 314040
314393 24 314392 1
314394 23 314391 314393
314395 22 314384 314394
314396 21 314361 314395
314397 18 314396 314179
314398 17 314347 314397
314399 27 313010 313031
314400 26 314198 314399
314401 25 314400 313919
314402 24 314401 314355
314403 23 314352 314402
314404 23 314352 313284
314405 22 314403 314404
314406 31 312854 314367
314407 30 314406 1
314408 29 313031 314407
314409 27 314208 314408
314410 26 314212 314409
314411 25 314410 314003
314412 24 314411 314382
314413 23 314377 314412
314414 23 314391 1
314415 22 314413 314414
314416 21 314405 314415
314417 18 314416 314236
314418 17 314347 314417
314419 16 314398 314418
314420 18 313375 314262
314421 22 314403 313421
314422 22 314413 1
314423 21 314421 314422
314424 18 314423 314283
314425 17 314420 314424
314426 16 314398 314425
314427 15 314419 314426
314428 18 313476 314298
314429 23 314377 314393
314430 22 314429 314394
314431 21 314361 314430
314432 18 314431 314306
314433 17 314428 314432
314434 18 313517 314329
314435 21 314421 1
314436 18 314435 314340
314437 17 314434 314436
314438 16 314433 314437
314439 15 314419 314438
314440 14 314427 314439
314441 19 314396 314178
314442 18 314441 314179
314443 17 314095 314442
314444 19 314416 314235
314445 18 314444 314236
314446 17 314095 314445
314447 16 314443 314446
314448 19 314423 314282
314449 18 314448 314283
314450 17 314263 314449
314451 16 314443 314450
314452 15 314447 314451
314453 19 314431 314305
314454 18 314453 314306
314455 17 314299 314454
314456 19 314435 314339
314457 18 314456 314340
314458 17 314330 314457
314459 16 314455 314458
314460 15 314447 314459
314461 14 314452 314460
314462 11 314440 314461
314463 10 314346 314462
314464 24 312676 314351
314465 27 313039 313045
314466 26 314198 314465
314467 25 314400 314466
314468 24 314467 314355
314469 23 314464 314468
314470 23 314464 313117
314471 22 314469 314470
314472 24 312903 314376
314473 32 312929 312889
314474 31 312871 314473
314475 30 314474 1
314476 29 313039 314475
314477 32 314365 1
314478 31 312886 314477
314479 30 314478 1
314480 29 313045 314479
314481 27 314476 314480
314482 26 314212 314481
314483 25 314410 314482
314484 24 314483 314382
314485 23 314472 314484
314486 24 312993 314390
314487 23 314486 1
314488 22 314485 314487
314489 21 314471 314488
314490 18 314489 314236
314491 17 314490 314417
314492 16 314398 314491
314493 22 314469 313373
314494 22 314485 1
314495 21 314493 314494
314496 18 314495 314283
314497 17 314496 314424
314498 16 314398 314497
314499 15 314492 314498
314500 21 314493 1
314501 18 314500 314340
314502 17 314501 314436
314503 16 314433 314502
314504 15 314492 314503
314505 14 314499 314504
314506 24 313840 314152
314507 26 314221 313850
314508 25 314222 314507
314509 24 314508 314156
314510 23 314506 314509
314511 23 314506 313628
314512 22 314510 314511
314513 24 313874 314164
314514 26 314228 313881
314515 25 314229 314514
314516 24 314515 314168
314517 23 314513 314516
314518 24 313890 314173
314519 23 314518 1
314520 22 314517 314519
314521 21 314512 314520
314522 19 314489 314521
314523 18 314522 314236
314524 17 314523 314445
314525 16 314443 314524
314526 22 314510 313644
314527 22 314517 1
314528 21 314526 314527
314529 19 314495 314528
314530 18 314529 314283
314531 17 314530 314449
314532 16 314443 314531
314533 15 314525 314532
314534 21 314526 1
314535 19 314500 314534
314536 18 314535 314340
314537 17 314536 314457
314538 16 314455 314537
314539 15 314525 314538
314540 14 314533 314539
314541 11 314505 314540
314542 10 314346 314541
314543 9 314463 314542
314544 17 314095 314284
314545 16 314544 314285
314546 15 314239 314545
314547 17 314299 314341
314548 16 314547 314342
314549 15 314239 314548
314550 14 314546 314549
314551 11 313673 314550
314552 23 312703 314468
314553 22 314552 313118
314554 23 312941 314484
314555 22 314554 1
314556 21 314553 314555
314557 23 313916 314202
314558 22 314557 313682
314559 23 313996 314216
314560 22 314559 1
314561 21 314558 314560
314562 23 314054 314224
314563 22 314562 313693
314564 23 314073 314231
314565 22 314564 1
314566 21 314563 314565
314567 19 314561 314566
314568 18 314556 314567
314569 17 314568 314424
314570 16 314569 314497
314571 15 314492 314570
314572 21 314553 1
314573 21 314558 1
314574 21 314563 1
314575 19 314573 314574
314576 18 314572 314575
314577 17 314576 314436
314578 16 314577 314502
314579 15 314492 314578
314580 14 314571 314579
314581 23 313845 314509
314582 22 314581 313736
314583 23 313878 314516
314584 22 314583 1
314585 21 314582 314584
314586 19 314556 314585
314587 18 314586 314567
314588 17 314587 314449
314589 16 314588 314531
314590 15 314525 314589
314591 21 314582 1
314592 19 314572 314591
314593 18 314592 314575
314594 17 314593 314457
314595 16 314594 314537
314596 15 314525 314595
314597 14 314590 314596
314598 11 314580 314597
314599 10 314551 314598
314600 9 314463 314599
314601 8 314543 314600
314602 16 314181 314342
314603 15 314602 314343
314604 14 314287 314603
314605 11 313763 314604
314606 16 314398 314437
314607 15 314606 314438
314608 14 314427 314607
314609 16 314443 314458
314610 15 314609 314459
314611 14 314452 314610
314612 11 314608 314611
314613 10 314605 314612
314614 22 313854 314268
314615 24 314332 313903
314616 23 314333 314615
314617 22 314616 314273
314618 21 314614 314617
314619 19 313773 314618
314620 22 314104 313442
314621 21 314620 1
314622 22 314158 313466
314623 21 314622 1
314624 19 314621 314623
314625 18 314619 314624
314626 17 314095 314625
314627 16 314626 314342
314628 15 314627 314548
314629 14 314546 314628
314630 11 313789 314629
314631 22 312734 313118
314632 21 314631 1
314633 22 313922 313682
314634 21 314633 1
314635 22 314059 313693
314636 21 314635 1
314637 19 314634 314636
314638 18 314632 314637
314639 22 314357 313421
314640 21 314639 1
314641 18 314640 314624
314642 17 314638 314641
314643 16 314642 314502
314644 15 314643 314578
314645 14 314571 314644
314646 22 313854 313736
314647 21 314646 1
314648 19 314632 314647
314649 18 314648 314637
314650 19 314640 314623
314651 18 314650 314624
314652 17 314649 314651
314653 16 314652 314537
314654 15 314653 314595
314655 14 314590 314654
314656 11 314645 314655
314657 10 314630 314656
314658 9 314613 314657
314659 8 314543 314658
314660 7 314601 314659
314661 3 313834 314660
314662 17 313172 314397
314663 25 314350 314052
314664 24 313123 314663
314665 27 313010 313045
314666 26 314665 314465
314667 25 314400 314666
314668 25 314354 314056
314669 24 314667 314668
314670 23 314664 314669
314671 23 314664 313167
314672 22 314670 314671
314673 25 314375 314071
314674 24 313144 314673
314675 27 314208 314480
314676 26 314675 314481
314677 25 314410 314676
314678 25 314381 314075
314679 24 314677 314678
314680 23 314674 314679
314681 25 314389 314083
314682 24 313156 314681
314683 23 314682 1
314684 22 314680 314683
314685 21 314672 314684
314686 19 314489 314685
314687 18 314489 314686
314688 17 314687 314417
314689 16 314662 314688
314690 22 314670 313380
314691 22 314680 1
314692 21 314690 314691
314693 19 314495 314692
314694 18 314495 314693
314695 17 314694 314424
314696 16 314662 314695
314697 15 314689 314696
314698 17 313481 314432
314699 21 314690 1
314700 19 314500 314699
314701 18 314500 314700
314702 17 314701 314436
314703 16 314698 314702
314704 15 314689 314703
314705 14 314697 314704
314706 11 314705 314540
314707 10 314706 314541
314708 9 314463 314707
314709 23 313127 314669
314710 22 314709 313168
314711 23 313148 314679
314712 22 314711 1
314713 21 314710 314712
314714 19 314556 314713
314715 18 314556 314714
314716 17 314715 314424
314717 16 314716 314695
314718 15 314689 314717
314719 21 314710 1
314720 19 314572 314719
314721 18 314572 314720
314722 17 314721 314436
314723 16 314722 314702
314724 15 314689 314723
314725 14 314718 314724
314726 11 314725 314597
314727 10 314726 314598
314728 9 314463 314727
314729 8 314708 314728
314730 22 313132 313168
314731 21 314730 1
314732 19 314632 314731
314733 18 314632 314732
314734 17 314733 314641
314735 16 314734 314702
314736 15 314735 314723
314737 14 314718 314736
314738 11 314737 314655
314739 10 314738 314656
314740 9 314613 314739
314741 8 314708 314740
314742 7 314729 314741
314743 3 313834 314742
314744 2 314661 314743
314745 10 313574 313757
314746 9 314745 313758
314747 8 313666 314746
314748 10 313763 313830
314749 9 314748 313831
314750 8 313666 314749
314751 7 314747 314750
314752 16 313272 314688
314753 24 314467 314102
314754 23 313175 314753
314755 22 314754 313198
314756 24 314483 314135
314757 23 313187 314756
314758 22 314757 1
314759 21 314755 314758
314760 24 314667 314156
314761 23 313214 314760
314762 22 314761 313267
314763 24 314677 314168
314764 23 313249 314763
314765 22 314764 1
314766 21 314762 314765
314767 19 314759 314766
314768 18 314556 314767
314769 17 314715 314768
314770 16 314769 314695
314771 15 314752 314770
314772 21 314755 1
314773 21 314762 1
314774 19 314772 314773
314775 18 314572 314774
314776 17 314721 314775
314777 16 314776 314702
314778 15 314752 314777
314779 14 314771 314778
314780 16 314181 314524
314781 18 314586 314283
314782 17 314587 314781
314783 16 314782 314531
314784 15 314780 314783
314785 18 314592 314340
314786 17 314593 314785
314787 16 314786 314537
314788 15 314780 314787
314789 14 314784 314788
314790 11 314779 314789
314791 10 314790 314598
314792 9 314791 314727
314793 8 314708 314792
314794 22 313179 313198
314795 21 314794 1
314796 22 313224 313267
314797 21 314796 1
314798 19 314795 314797
314799 18 314632 314798
314800 17 314733 314799
314801 16 314800 314702
314802 15 314801 314777
314803 14 314771 314802
314804 18 314648 314624
314805 17 314649 314804
314806 16 314805 314537
314807 15 314806 314787
314808 14 314784 314807
314809 11 314803 314808
314810 10 314809 314656
314811 9 314810 314739
314812 8 314708 314811
314813 7 314793 314812
314814 3 314751 314813
314815 2 314661 314814
314816 1 314744 314815
314817 17 314687 314445
314818 16 313577 314817
314819 19 314556 314766
314820 18 314819 314767
314821 17 314715 314820
314822 17 314694 314449
314823 16 314821 314822
314824 15 314818 314823
314825 19 314572 314773
314826 18 314825 314774
314827 17 314721 314826
314828 17 314701 314457
314829 16 314827 314828
314830 15 314818 314829
314831 14 314824 314830
314832 11 314779 314831
314833 10 314779 314832
314834 10 314725 314598
314835 9 314833 314834
314836 8 313666 314835
314837 15 313368 314770
314838 22 313275 313285
314839 21 314838 1
314840 22 313297 313324
314841 21 314840 1
314842 22 313337 313362
314843 21 314842 1
314844 19 314841 314843
314845 18 314839 314844
314846 17 314733 314845
314847 16 314800 314846
314848 15 314847 314777
314849 14 314837 314848
314850 15 313581 314823
314851 19 314632 314797
314852 18 314851 314798
314853 17 314733 314852
314854 19 314839 314843
314855 18 314854 314844
314856 17 314733 314855
314857 16 314853 314856
314858 15 314857 314829
314859 14 314850 314858
314860 11 314849 314859
314861 10 314849 314860
314862 16 314769 314497
314863 15 313600 314862
314864 18 314632 314844
314865 17 314864 314845
314866 16 314800 314865
314867 16 314776 314502
314868 15 314866 314867
314869 14 314863 314868
314870 16 314821 314531
314871 15 313635 314870
314872 22 313614 313629
314873 21 314872 1
314874 19 314632 314873
314875 18 314874 314844
314876 17 314875 314855
314877 16 314853 314876
314878 16 314827 314537
314879 15 314877 314878
314880 14 314871 314879
314881 11 314869 314880
314882 10 314849 314881
314883 9 314861 314882
314884 16 314853 314828
314885 15 314884 314829
314886 14 314824 314885
314887 11 314803 314886
314888 10 314803 314887
314889 10 314737 314656
314890 9 314888 314889
314891 8 314883 314890
314892 7 314836 314891
314893 27 313499 1
314894 26 314150 314893
314895 26 314051 1
314896 25 314894 314895
314897 24 313840 314896
314898 27 313031 1
314899 26 314221 314898
314900 27 313045 1
314901 26 314221 314900
314902 25 314899 314901
314903 27 313081 1
314904 26 314154 314903
314905 26 314055 1
314906 25 314904 314905
314907 24 314902 314906
314908 23 314897 314907
314909 23 314897 313904
314910 22 314908 314909
314911 27 314373 1
314912 26 314162 314911
314913 26 314070 1
314914 25 314912 314913
314915 24 313874 314914
314916 27 314408 1
314917 26 314228 314916
314918 27 314480 1
314919 26 314228 314918
314920 25 314917 314919
314921 27 314379 1
314922 26 314166 314921
314923 26 314074 1
314924 25 314922 314923
314925 24 314920 314924
314926 23 314915 314925
314927 27 314387 1
314928 26 314171 314927
314929 26 314082 1
314930 25 314928 314929
314931 24 313890 314930
314932 23 314931 1
314933 22 314926 314932
314934 21 314910 314933
314935 19 314489 314934
314936 26 314096 314893
314937 25 314936 1
314938 24 313912 314937
314939 26 314198 314898
314940 27 314027 314035
314941 26 314940 314900
314942 25 314939 314941
314943 26 314100 314903
314944 25 314943 1
314945 24 314942 314944
314946 23 314938 314945
314947 23 314938 314044
314948 22 314946 314947
314949 26 314125 314911
314950 25 314949 1
314951 24 313978 314950
314952 26 314212 314916
314953 33 312929 314116
314954 32 314953 1
314955 31 313937 314954
314956 30 314955 1
314957 29 314027 314956
314958 34 314116 1
314959 33 313986 314958
314960 32 314959 1
314961 31 313955 314960
314962 30 314961 1
314963 29 314035 314962
314964 27 314957 314963
314965 26 314964 314918
314966 25 314952 314965
314967 26 314133 314921
314968 25 314967 1
314969 24 314966 314968
314970 23 314951 314969
314971 26 314142 314927
314972 25 314971 1
314973 24 314014 314972
314974 23 314973 1
314975 22 314970 314974
314976 21 314948 314975
314977 25 314894 1
314978 24 314050 314977
314979 27 314027 1
314980 26 314979 314900
314981 25 314899 314980
314982 25 314904 1
314983 24 314981 314982
314984 23 314978 314983
314985 23 314978 314090
314986 22 314984 314985
314987 25 314912 1
314988 24 314069 314987
314989 27 314957 1
314990 26 314989 314918
314991 25 314917 314990
314992 25 314922 1
314993 24 314991 314992
314994 23 314988 314993
314995 25 314928 1
314996 24 314081 314995
314997 23 314996 1
314998 22 314994 314997
314999 21 314986 314998
315000 19 314976 314999
315001 18 314935 315000
315002 26 314048 1
315003 25 313837 315002
315004 24 315003 314896
315005 25 314899 314905
315006 24 315005 314906
315007 23 315004 315006
315008 23 315004 314193
315009 22 315007 315008
315010 26 314067 1
315011 25 313871 315010
315012 24 315011 314914
315013 25 314917 314923
315014 24 315013 314924
315015 23 315012 315014
315016 26 314079 1
315017 25 313887 315016
315018 24 315017 314930
315019 23 315018 1
315020 22 315015 315019
315021 21 315009 315020
315022 19 314416 315021
315023 18 315022 1
315024 17 315001 315023
315025 16 314181 315024
315026 23 313845 314907
315027 22 315026 313905
315028 23 313878 314925
315029 22 315028 1
315030 21 315027 315029
315031 19 314556 315030
315032 23 313916 314945
315033 22 315032 314045
315034 23 313996 314969
315035 22 315034 1
315036 21 315033 315035
315037 23 314054 314983
315038 22 315037 314091
315039 23 314073 314993
315040 22 315039 1
315041 21 315038 315040
315042 19 315036 315041
315043 18 315031 315042
315044 24 314942 1
315045 23 314099 315044
315046 22 315045 314147
315047 24 314966 1
315048 23 314128 315047
315049 22 315048 1
315050 21 315046 315049
315051 24 314981 1
315052 23 314153 315051
315053 22 315052 314176
315054 24 314991 1
315055 23 314165 315054
315056 22 315055 1
315057 21 315053 315056
315058 19 315050 315057
315059 18 315031 315058
315060 17 315043 315059
315061 22 314908 314244
315062 22 314926 1
315063 21 315061 315062
315064 19 314495 315063
315065 22 314946 314252
315066 22 314970 1
315067 21 315065 315066
315068 22 314984 314259
315069 22 314994 1
315070 21 315068 315069
315071 19 315067 315070
315072 18 315064 315071
315073 22 315007 314273
315074 22 315015 1
315075 21 315073 315074
315076 19 314423 315075
315077 18 315076 1
315078 17 315072 315077
315079 16 315060 315078
315080 15 315025 315079
315081 21 315027 1
315082 19 314572 315081
315083 21 315033 1
315084 21 315038 1
315085 19 315083 315084
315086 18 315082 315085
315087 21 315046 1
315088 21 315053 1
315089 19 315087 315088
315090 18 315082 315089
315091 17 315086 315090
315092 21 315061 1
315093 19 314500 315092
315094 21 315065 1
315095 21 315068 1
315096 19 315094 315095
315097 18 315093 315096
315098 21 315073 1
315099 19 314435 315098
315100 18 315099 1
315101 17 315097 315100
315102 16 315091 315101
315103 15 315025 315102
315104 14 315080 315103
315105 11 314779 315104
315106 18 314489 315000
315107 17 315106 1
315108 16 314398 315107
315109 18 314556 315042
315110 25 314400 314941
315111 24 315110 1
315112 23 314352 315111
315113 22 315112 314394
315114 25 314410 314965
315115 24 315114 1
315116 23 314377 315115
315117 22 315116 1
315118 21 315113 315117
315119 18 315118 315058
315120 17 315109 315119
315121 18 314495 315071
315122 17 315121 1
315123 16 315120 315122
315124 15 315108 315123
315125 18 314572 315085
315126 21 315113 1
315127 18 315126 315089
315128 17 315125 315127
315129 18 314500 315096
315130 17 315129 1
315131 16 315128 315130
315132 15 315108 315131
315133 14 315124 315132
315134 17 315001 1
315135 16 314443 315134
315136 19 315118 315057
315137 18 315136 315058
315138 17 315043 315137
315139 17 315072 1
315140 16 315138 315139
315141 15 315135 315140
315142 19 315126 315088
315143 18 315142 315089
315144 17 315086 315143
315145 17 315097 1
315146 16 315144 315145
315147 15 315135 315146
315148 14 315141 315147
315149 11 315133 315148
315150 10 315105 315149
315151 24 315003 314906
315152 23 315004 315151
315153 26 314060 1
315154 25 313857 315153
315155 24 315154 313903
315156 23 315004 315155
315157 22 315152 315156
315158 24 315011 314924
315159 23 315012 315158
315160 26 314086 1
315161 25 313896 315160
315162 24 315161 1
315163 23 315018 315162
315164 22 315159 315163
315165 21 315157 315164
315166 19 314396 315165
315167 18 315166 1
315168 17 314095 315167
315169 16 315168 315024
315170 17 315043 315077
315171 16 315170 315078
315172 15 315169 315171
315173 17 315086 315100
315174 16 315173 315101
315175 15 315169 315174
315176 14 315172 315175
315177 11 314725 315176
315178 10 315177 1
315179 9 315150 315178
315180 8 314543 315179
315181 15 314239 315079
315182 22 313854 313905
315183 21 315182 1
315184 19 314632 315183
315185 22 313922 314045
315186 21 315185 1
315187 22 314059 314091
315188 21 315187 1
315189 19 315186 315188
315190 18 315184 315189
315191 22 314104 314147
315192 21 315191 1
315193 22 314158 314176
315194 21 315193 1
315195 19 315192 315194
315196 18 315184 315195
315197 17 315190 315196
315198 22 314184 314194
315199 21 315198 1
315200 19 314839 315199
315201 22 314203 314218
315202 21 315201 1
315203 22 314225 314233
315204 21 315203 1
315205 19 315202 315204
315206 18 315200 315205
315207 17 315190 315206
315208 16 315197 315207
315209 15 315208 315102
315210 14 315181 315209
315211 11 314849 315210
315212 15 314419 315123
315213 18 314632 315189
315214 22 314357 314394
315215 21 315214 1
315216 18 315215 315195
315217 17 315213 315216
315218 22 314403 314414
315219 21 315218 1
315220 18 315219 315205
315221 17 315213 315220
315222 16 315217 315221
315223 15 315222 315131
315224 14 315212 315223
315225 15 314447 315140
315226 19 315215 315194
315227 18 315226 315195
315228 17 315190 315227
315229 19 315219 315204
315230 18 315229 315205
315231 17 315190 315230
315232 16 315228 315231
315233 15 315232 315146
315234 14 315225 315233
315235 11 315224 315234
315236 10 315211 315235
315237 16 315120 1
315238 15 314492 315237
315239 22 314469 314487
315240 21 315239 1
315241 18 315240 315205
315242 17 315241 315220
315243 16 315217 315242
315244 16 315128 1
315245 15 315243 315244
315246 14 315238 315245
315247 16 315138 1
315248 15 314525 315247
315249 22 314510 314519
315250 21 315249 1
315251 19 315240 315250
315252 18 315251 315205
315253 17 315252 315230
315254 16 315228 315253
315255 16 315144 1
315256 15 315254 315255
315257 14 315248 315256
315258 11 315246 315257
315259 10 315211 315258
315260 9 315236 315259
315261 16 315197 315101
315262 15 315261 315102
315263 14 315080 315262
315264 11 314803 315263
315265 16 315217 315130
315266 15 315265 315131
315267 14 315124 315266
315268 16 315228 315145
315269 15 315268 315146
315270 14 315141 315269
315271 11 315267 315270
315272 10 315264 315271
315273 22 315152 314273
315274 21 315273 1
315275 19 314640 315274
315276 18 315275 1
315277 17 315190 315276
315278 16 315277 315101
315279 15 315278 315174
315280 14 315172 315279
315281 11 314737 315280
315282 10 315281 1
315283 9 315272 315282
315284 8 315260 315283
315285 7 315180 315284
315286 3 314892 315285
315287 9 315150 1
315288 8 314708 315287
315289 17 314715 315119
315290 16 315289 1
315291 15 314689 315290
315292 17 314733 315216
315293 22 314670 314683
315294 21 315293 1
315295 19 315240 315294
315296 18 315240 315295
315297 17 315296 315220
315298 16 315292 315297
315299 17 314721 315127
315300 16 315299 1
315301 15 315298 315300
315302 14 315291 315301
315303 11 315302 315257
315304 10 315303 315258
315305 9 315236 315304
315306 9 315272 1
315307 8 315305 315306
315308 7 315288 315307
315309 3 314892 315308
315310 2 315286 315309
315311 10 314705 314541
315312 9 313597 315311
315313 8 315312 314835
315314 9 314861 314889
315315 8 315314 314890
315316 7 315313 315315
315317 16 315168 315078
315318 15 315169 315317
315319 23 315012 315162
315320 22 315319 315163
315321 21 315157 315320
315322 19 314431 315321
315323 18 315322 1
315324 17 314299 315323
315325 16 315324 315101
315326 15 315169 315325
315327 14 315318 315326
315328 11 314705 315327
315329 10 315328 1
315330 9 314463 315329
315331 8 315330 315179
315332 9 315236 315282
315333 8 315332 315283
315334 7 315331 315333
315335 3 315316 315334
315336 10 313574 314462
315337 9 315336 315311
315338 10 314779 314598
315339 9 315338 314834
315340 8 315337 315339
315341 15 314419 314570
315342 17 314638 314436
315343 16 314642 315342
315344 15 315343 314578
315345 14 315341 315344
315346 15 314447 314589
315347 17 314649 314457
315348 16 314652 315347
315349 15 315348 314595
315350 14 315346 315349
315351 11 315345 315350
315352 10 314849 315351
315353 9 315352 314889
315354 10 314803 314656
315355 9 315354 314889
315356 8 315353 315355
315357 7 315340 315356
315358 3 315357 1
315359 2 315335 315358
315360 1 315310 315359
315361 0 314816 315360
